t S E I R D
0 98 0 2 0 0
0.125 97 1 2 0 0
0.25 96 2 2 0 0
0.375 96 2 2 0 0
0.5 96 2 2 0 0
0.625 96 1 3 0 0
0.75 96 1 2 1 0
0.875 96 1 2 1 0
1 95 2 2 1 0
1.125 95 2 2 1 0
1.25 95 2 2 1 0
1.375 95 2 2 1 0
1.5 95 2 2 1 0
1.625 95 1 3 1 0
1.75 95 1 3 1 0
1.875 95 1 3 1 0
2 94 2 3 1 0
2.125 94 1 4 1 0
2.25 94 1 4 1 0
2.375 93 2 4 1 0
2.5 93 2 4 1 0
2.625 92 3 4 1 0
2.75 92 2 5 1 0
2.875 91 3 5 1 0
3 91 2 6 1 0
3.125 91 1 7 1 0
3.25 91 1 7 1 0
3.375 90 2 7 1 0
3.5 90 2 7 1 0
3.625 90 2 7 1 0
3.75 90 2 7 1 0
3.875 90 2 7 1 0
4 89 3 6 2 0
4.125 89 2 7 2 0
4.25 88 3 7 2 0
4.375 88 3 7 2 0
4.5 87 4 7 2 0
4.625 86 4 8 2 0
4.75 85 5 8 2 0
4.875 85 5 8 2 0
5 85 5 7 3 0
5.125 83 7 7 3 0
5.25 82 8 7 3 0
5.375 82 6 9 3 0
5.5 79 9 9 3 0
5.625 78 10 9 3 0
5.75 76 12 9 3 0
5.875 76 12 8 4 0
6 76 10 10 4 0
6.125 74 12 10 4 0
6.25 74 12 10 4 0
6.375 73 13 10 4 0
6.5 73 13 10 4 0
6.625 72 14 10 4 0
6.75 70 14 12 4 0
6.875 70 14 12 4 0
7 70 14 12 4 0
7.125 70 12 14 4 0
7.25 70 12 14 4 0
7.375 67 14 14 5 0
7.5 67 14 12 7 0
7.625 66 14 13 7 0
7.75 66 11 16 7 0
7.875 63 13 17 7 0
8 63 13 17 7 0
8.125 61 15 16 8 0
8.25 61 14 17 8 0
8.375 60 12 19 9 0
8.5 60 11 20 9 0
8.625 60 9 19 12 0
8.75 60 9 19 12 0
8.875 60 9 19 12 0
9 60 9 17 14 0
9.125 59 10 17 14 0
9.25 57 11 18 14 0
9.375 56 11 18 15 0
9.5 56 10 19 15 0
9.625 56 10 19 15 0
9.75 56 10 19 15 0
9.875 55 11 19 15 0
10 55 9 21 15 0
10.125 54 9 22 15 0
10.25 54 9 22 15 0
10.375 53 9 21 17 0
10.5 53 9 21 17 0
10.625 51 10 21 18 0
10.75 50 9 21 20 0
10.875 50 8 22 20 0
11 50 7 23 20 0
11.125 49 8 23 20 0
11.25 48 8 21 23 0
11.375 48 6 22 24 0
11.5 48 6 22 24 0
11.625 47 7 22 24 0
11.75 47 7 21 25 0
11.875 45 9 21 25 0
12 44 8 23 25 0
12.125 41 11 21 27 0
12.25 41 11 21 27 0
12.375 40 11 21 28 0
12.5 40 10 22 28 0
12.625 38 12 21 29 0
12.75 38 12 21 29 0
12.875 38 12 20 30 0
13 38 9 23 30 0
13.125 38 9 23 30 0
13.25 36 11 23 30 0
13.375 36 11 22 31 0
13.5 36 10 21 33 0
13.625 36 9 22 33 0
13.75 36 9 22 33 0
13.875 35 9 22 34 0
14 35 8 22 35 0
14.125 34 9 21 36 0
14.25 34 9 21 36 0
14.375 33 10 20 37 0
14.5 33 10 20 37 0
14.625 33 9 20 38 0
14.75 33 9 20 38 0
14.875 33 8 20 39 0
15 33 6 22 39 0
15.125 33 5 23 39 0
15.25 33 5 22 40 0
15.375 33 4 22 41 0
15.5 33 4 22 41 0
15.625 33 4 22 41 0
15.75 33 4 22 41 0
15.875 33 4 21 42 0
16 33 4 21 42 0
16.125 33 4 21 42 0
16.25 31 6 20 43 0
16.375 31 6 19 44 0
16.5 31 6 19 44 0
16.625 29 8 18 45 0
16.75 29 7 19 45 0
16.875 29 6 20 45 0
17 29 6 19 46 0
17.125 29 6 19 46 0
17.25 28 6 20 46 0
17.375 28 6 18 48 0
17.5 27 7 18 48 0
17.625 27 6 18 49 0
17.75 27 5 18 50 0
17.875 27 4 19 50 0
18 27 4 19 50 0
18.125 27 4 18 51 0
18.25 27 4 18 51 0
18.375 27 4 18 51 0
18.5 27 4 18 51 0
18.625 26 5 18 51 0
18.75 26 5 18 51 0
18.875 26 4 19 51 0
19 26 3 20 51 0
19.125 26 2 21 51 0
19.25 26 2 21 51 0
19.375 26 2 21 51 0
19.5 25 3 21 51 0
19.625 25 3 21 51 0
19.75 25 3 20 52 0
19.875 25 3 20 52 0
20 25 3 20 52 0
20.125 25 3 20 52 0
20.25 24 4 20 52 0
20.375 23 4 21 52 0
20.5 23 3 19 55 0
20.625 23 3 19 55 0
20.75 23 3 18 56 0
20.875 23 2 19 56 0
21 23 2 19 56 0
21.125 23 2 19 56 0
21.25 23 2 19 56 0
21.375 22 3 18 57 0
21.5 22 3 18 57 0
21.625 22 3 18 57 0
21.75 22 3 17 58 0
21.875 22 3 17 58 0
22 22 3 17 58 0
22.125 22 3 17 58 0
22.25 22 3 16 59 0
22.375 22 3 16 59 0
22.5 22 3 16 59 0
22.625 21 4 16 59 0
22.75 21 4 16 59 0
22.875 21 4 16 59 0
23 21 4 15 60 0
23.125 19 6 15 60 0
23.25 19 4 17 60 0
23.375 19 4 17 60 0
23.5 19 4 17 60 0
23.625 19 4 17 60 0
23.75 19 4 16 61 0
23.875 19 2 18 61 0
24 19 2 18 61 0
24.125 19 2 18 61 0
24.25 19 2 17 62 0
24.375 19 2 17 62 0
24.5 19 2 16 63 0
24.625 19 2 16 63 0
24.75 19 2 16 63 0
24.875 19 2 16 63 0
25 18 3 15 64 0
25.125 18 3 15 64 0
25.25 18 2 16 64 0
25.375 18 2 15 65 0
25.5 17 3 14 66 0
25.625 17 3 14 66 0
25.75 17 3 14 66 0
25.875 17 3 14 66 0
26 17 3 14 66 0
26.125 17 2 15 66 0
26.25 17 2 15 66 0
26.375 17 2 15 66 0
26.5 17 2 15 66 0
26.625 17 2 15 66 0
26.75 17 2 15 66 0
26.875 17 2 13 68 0
27 17 1 14 68 0
27.125 17 0 14 69 0
27.25 17 0 14 69 0
27.375 17 0 14 69 0
27.5 17 0 14 69 0
27.625 17 0 14 69 0
27.75 17 0 14 69 0
27.875 17 0 13 70 0
28 17 0 13 70 0
28.125 16 1 13 70 0
28.25 16 1 13 70 0
28.375 16 1 13 70 0
28.5 16 1 12 71 0
28.625 16 1 12 71 0
28.75 16 1 12 71 0
28.875 16 1 12 71 0
29 16 1 11 72 0
29.125 16 1 9 74 0
29.25 16 1 9 74 0
29.375 16 1 9 74 0
29.5 16 1 9 74 0
29.625 16 1 9 74 0
29.75 16 1 9 74 0
29.875 16 1 9 74 0
30 16 1 9 74 0
30.125 16 1 8 75 0
30.25 16 1 8 75 0
30.375 16 1 8 75 0
30.5 16 1 8 75 0
30.625 16 1 7 76 0
30.75 16 1 7 76 0
30.875 16 1 7 76 0
31 16 1 7 76 0
31.125 16 1 7 76 0
31.25 16 1 7 76 0
31.375 16 0 8 76 0
31.5 16 0 8 76 0
31.625 16 0 8 76 0
31.75 16 0 7 77 0
31.875 16 0 5 79 0
32 16 0 4 80 0
32.125 16 0 4 80 0
32.25 16 0 4 80 0
32.375 16 0 3 81 0
32.5 16 0 3 81 0
32.625 16 0 3 81 0
32.75 16 0 3 81 0
32.875 16 0 3 81 0
33 16 0 3 81 0
33.125 16 0 3 81 0
33.25 16 0 3 81 0
33.375 16 0 3 81 0
33.5 16 0 3 81 0
33.625 16 0 3 81 0
33.75 16 0 2 82 0
33.875 16 0 2 82 0
34 16 0 2 82 0
34.125 16 0 2 82 0
34.25 16 0 2 82 0
34.375 16 0 2 82 0
34.5 16 0 2 82 0
34.625 16 0 2 82 0
34.75 16 0 2 82 0
34.875 16 0 2 82 0
35 16 0 2 82 0
35.125 16 0 2 82 0
35.25 16 0 2 82 0
35.375 16 0 2 82 0
35.5 16 0 2 82 0
35.625 16 0 2 82 0
35.75 16 0 2 82 0
35.875 16 0 2 82 0
36 16 0 2 82 0
36.125 16 0 2 82 0
36.25 16 0 1 83 0
36.375 16 0 1 83 0
36.5 16 0 0 84 0
