t S E I R D
0 98 0 2 0 0
0.125 97 1 2 0 0
0.25 97 1 2 0 0
0.375 97 1 2 0 0
0.5 96 2 2 0 0
0.625 96 2 2 0 0
0.75 96 2 1 1 0
0.875 96 2 1 1 0
1 96 2 1 1 0
1.125 96 2 1 1 0
1.25 96 2 1 1 0
1.375 96 2 1 1 0
1.5 96 1 2 1 0
1.625 96 1 2 1 0
1.75 96 1 2 1 0
1.875 96 1 2 1 0
2 96 1 2 1 0
2.125 96 1 2 1 0
2.25 95 2 2 1 0
2.375 95 2 2 1 0
2.5 95 2 1 2 0
2.625 95 2 1 2 0
2.75 95 2 1 2 0
2.875 95 2 1 2 0
3 95 2 1 2 0
3.125 94 3 1 2 0
3.25 94 3 1 2 0
3.375 94 3 1 2 0
3.5 94 2 2 2 0
3.625 94 2 2 2 0
3.75 94 2 2 2 0
3.875 94 2 1 3 0
4 94 2 1 3 0
4.125 94 2 0 4 0
4.25 94 2 0 4 0
4.375 94 1 1 4 0
4.5 94 1 1 4 0
4.625 94 1 1 4 0
4.75 94 1 1 4 0
4.875 94 1 1 4 0
5 94 1 1 4 0
5.125 94 1 1 4 0
5.25 94 1 1 4 0
5.375 94 1 1 4 0
5.5 94 1 1 4 0
5.625 94 1 1 4 0
5.75 94 1 1 4 0
5.875 94 1 1 4 0
6 94 1 1 4 0
6.125 94 1 1 4 0
6.25 94 1 1 4 0
6.375 94 1 1 4 0
6.5 94 0 2 4 0
6.625 94 0 2 4 0
6.75 94 0 2 4 0
6.875 93 1 2 4 0
7 93 0 3 4 0
7.125 93 0 3 4 0
7.25 93 0 3 4 0
7.375 93 0 3 4 0
7.5 93 0 3 4 0
7.625 93 0 3 4 0
7.75 93 0 3 4 0
7.875 93 0 3 4 0
8 93 0 3 4 0
8.125 92 1 3 4 0
8.25 91 1 4 4 0
8.375 91 1 4 4 0
8.5 89 3 4 4 0
8.625 87 5 4 4 0
8.75 87 5 4 4 0
8.875 87 5 4 4 0
9 87 4 5 4 0
9.125 87 4 4 5 0
9.25 86 5 4 5 0
9.375 86 5 4 5 0
9.5 86 5 4 5 0
9.625 86 5 4 5 0
9.75 86 5 4 5 0
9.875 86 5 4 5 0
10 85 6 4 5 0
10.125 83 8 4 5 0
10.25 82 9 4 5 0
10.375 82 8 4 6 0
10.5 79 10 5 6 0
10.625 78 11 5 6 0
10.75 78 11 5 6 0
10.875 78 11 5 6 0
11 78 10 6 6 0
11.125 78 9 7 6 0
11.25 77 10 6 7 0
11.375 77 10 6 7 0
11.5 77 10 6 7 0
11.625 76 10 7 7 0
11.75 75 11 7 7 0
11.875 74 12 7 7 0
12 74 11 8 7 0
12.125 74 10 9 7 0
12.25 74 10 9 7 0
12.375 72 12 9 7 0
12.5 72 12 9 7 0
12.625 69 14 10 7 0
12.75 68 13 12 7 0
12.875 68 12 13 7 0
13 68 11 14 7 0
13.125 64 14 15 7 0
13.25 64 13 16 7 0
13.375 63 14 16 7 0
13.5 62 13 17 8 0
13.625 61 14 16 9 0
13.75 61 13 17 9 0
13.875 59 14 16 11 0
14 58 14 16 12 0
14.125 55 17 15 13 0
14.25 55 17 15 13 0
14.375 55 17 13 15 0
14.5 53 15 17 15 0
14.625 53 13 19 15 0
14.75 52 13 18 17 0
14.875 50 12 19 19 0
15 50 11 20 19 0
15.125 48 13 20 19 0
15.25 47 12 21 20 0
15.375 46 13 21 20 0
15.5 45 14 20 21 0
15.625 45 13 21 21 0
15.75 44 14 21 21 0
15.875 44 13 20 23 0
16 42 15 20 23 0
16.125 42 14 21 23 0
16.25 41 15 21 23 0
16.375 40 15 21 24 0
16.5 38 16 21 25 0
16.625 38 16 20 26 0
16.75 36 15 23 26 0
16.875 34 15 24 27 0
17 34 13 25 28 0
17.125 34 13 25 28 0
17.25 33 14 25 28 0
17.375 32 14 26 28 0
17.5 32 14 26 28 0
17.625 31 13 28 28 0
17.75 31 12 28 29 0
17.875 30 13 28 29 0
18 29 14 27 30 0
18.125 29 14 27 30 0
18.25 28 15 26 31 0
18.375 28 14 26 32 0
18.5 27 15 26 32 0
18.625 27 13 28 32 0
18.75 26 13 27 34 0
18.875 26 13 27 34 0
19 25 13 28 34 0
19.125 25 13 27 35 0
19.25 25 13 27 35 0
19.375 25 13 27 35 0
19.5 24 11 29 36 0
19.625 24 10 30 36 0
19.75 23 11 30 36 0
19.875 23 11 29 37 0
20 22 10 31 37 0
20.125 21 10 32 37 0
20.25 20 11 31 38 0
20.375 20 11 31 38 0
20.5 19 12 31 38 0
20.625 19 10 33 38 0
20.75 19 10 33 38 0
20.875 19 10 32 39 0
21 19 9 32 40 0
21.125 19 9 30 42 0
21.25 18 9 31 42 0
21.375 18 7 33 42 0
21.5 18 7 31 44 0
21.625 18 7 29 46 0
21.75 18 7 29 46 0
21.875 18 7 29 46 0
22 18 7 29 46 0
22.125 18 7 29 46 0
22.25 18 5 30 47 0
22.375 17 6 30 47 0
22.5 17 6 29 48 0
22.625 17 6 28 49 0
22.75 17 5 28 50 0
22.875 16 4 30 50 0
23 16 3 30 51 0
23.125 15 4 30 51 0
23.25 15 4 29 52 0
23.375 15 4 29 52 0
23.5 14 4 29 53 0
23.625 14 4 29 53 0
23.75 13 4 30 53 0
23.875 13 4 30 53 0
24 13 4 30 53 0
24.125 13 4 30 53 0
24.25 12 5 30 53 0
24.375 12 5 30 53 0
24.5 12 5 30 53 0
24.625 12 5 30 53 0
24.75 11 6 29 54 0
24.875 11 5 30 54 0
25 11 3 32 54 0
25.125 11 3 30 56 0
25.25 11 3 30 56 0
25.375 11 3 29 57 0
25.5 11 2 30 57 0
25.625 11 2 27 60 0
25.75 11 2 27 60 0
25.875 10 3 25 62 0
26 10 2 26 62 0
26.125 10 1 26 63 0
26.25 9 2 25 64 0
26.375 8 3 23 66 0
26.5 8 3 23 66 0
26.625 7 3 24 66 0
26.75 6 4 24 66 0
26.875 6 4 23 67 0
27 6 4 21 69 0
27.125 6 4 20 70 0
27.25 6 4 20 70 0
27.375 5 4 21 70 0
27.5 5 3 22 70 0
27.625 5 3 20 72 0
27.75 5 3 19 73 0
27.875 5 3 18 74 0
28 5 3 17 75 0
28.125 5 3 16 76 0
28.25 5 3 16 76 0
28.375 5 2 17 76 0
28.5 5 2 17 76 0
28.625 5 2 17 76 0
28.75 5 2 16 77 0
28.875 5 2 16 77 0
29 5 2 16 77 0
29.125 5 2 16 77 0
29.25 5 2 16 77 0
29.375 5 2 16 77 0
29.5 5 1 17 77 0
29.625 5 1 17 77 0
29.75 5 1 17 77 0
29.875 5 0 18 77 0
30 5 0 18 77 0
30.125 5 0 17 78 0
30.25 5 0 17 78 0
30.375 4 1 16 79 0
30.5 4 0 17 79 0
30.625 4 0 16 80 0
30.75 4 0 16 80 0
30.875 4 0 16 80 0
31 4 0 15 81 0
31.125 4 0 15 81 0
31.25 4 0 15 81 0
31.375 4 0 15 81 0
31.5 4 0 15 81 0
31.625 4 0 14 82 0
31.75 4 0 13 83 0
31.875 4 0 11 85 0
32 4 0 10 86 0
32.125 4 0 9 87 0
32.25 4 0 8 88 0
32.375 4 0 8 88 0
32.5 4 0 8 88 0
32.625 4 0 8 88 0
32.75 4 0 8 88 0
32.875 4 0 8 88 0
33 4 0 8 88 0
33.125 4 0 8 88 0
33.25 4 0 8 88 0
33.375 4 0 8 88 0
33.5 4 0 8 88 0
33.625 4 0 8 88 0
33.75 4 0 8 88 0
33.875 4 0 8 88 0
34 4 0 7 89 0
34.125 4 0 7 89 0
34.25 4 0 6 90 0
34.375 4 0 6 90 0
34.5 4 0 6 90 0
34.625 4 0 6 90 0
34.75 4 0 6 90 0
34.875 4 0 6 90 0
35 4 0 6 90 0
35.125 4 0 6 90 0
35.25 4 0 6 90 0
35.375 4 0 6 90 0
35.5 4 0 6 90 0
35.625 4 0 6 90 0
35.75 4 0 6 90 0
35.875 4 0 6 90 0
36 4 0 6 90 0
36.125 4 0 6 90 0
36.25 4 0 6 90 0
36.375 4 0 6 90 0
36.5 4 0 6 90 0
36.625 4 0 6 90 0
36.75 4 0 6 90 0
36.875 4 0 5 91 0
37 4 0 5 91 0
37.125 4 0 5 91 0
37.25 4 0 5 91 0
37.375 4 0 5 91 0
37.5 4 0 5 91 0
37.625 4 0 5 91 0
37.75 4 0 5 91 0
37.875 4 0 5 91 0
38 4 0 5 91 0
38.125 4 0 5 91 0
38.25 4 0 5 91 0
38.375 4 0 5 91 0
38.5 4 0 5 91 0
38.625 4 0 5 91 0
38.75 4 0 5 91 0
38.875 4 0 5 91 0
39 4 0 5 91 0
39.125 4 0 3 93 0
39.25 4 0 3 93 0
39.375 4 0 3 93 0
39.5 4 0 3 93 0
39.625 4 0 2 94 0
39.75 4 0 2 94 0
39.875 4 0 2 94 0
40 4 0 2 94 0
40.125 4 0 2 94 0
40.25 4 0 2 94 0
40.375 4 0 2 94 0
40.5 4 0 2 94 0
40.625 4 0 2 94 0
40.75 4 0 2 94 0
40.875 4 0 2 94 0
41 4 0 2 94 0
41.125 4 0 2 94 0
41.25 4 0 2 94 0
41.375 4 0 2 94 0
41.5 4 0 2 94 0
41.625 4 0 2 94 0
41.75 4 0 2 94 0
41.875 4 0 2 94 0
42 4 0 2 94 0
42.125 4 0 1 95 0
42.25 4 0 1 95 0
42.375 4 0 1 95 0
42.5 4 0 1 95 0
42.625 4 0 1 95 0
42.75 4 0 1 95 0
42.875 4 0 1 95 0
43 4 0 1 95 0
43.125 4 0 1 95 0
43.25 4 0 1 95 0
43.375 4 0 1 95 0
43.5 4 0 1 95 0
43.625 4 0 1 95 0
43.75 4 0 1 95 0
43.875 4 0 1 95 0
44 4 0 1 95 0
44.125 4 0 1 95 0
44.25 4 0 1 95 0
44.375 4 0 1 95 0
44.5 4 0 1 95 0
44.625 4 0 1 95 0
44.75 4 0 1 95 0
44.875 4 0 1 95 0
45 4 0 1 95 0
45.125 4 0 1 95 0
45.25 4 0 1 95 0
45.375 4 0 1 95 0
45.5 4 0 1 95 0
45.625 4 0 1 95 0
45.75 4 0 1 95 0
45.875 4 0 1 95 0
46 4 0 1 95 0
46.125 4 0 1 95 0
46.25 4 0 1 95 0
46.375 4 0 1 95 0
46.5 4 0 1 95 0
46.625 4 0 1 95 0
46.75 4 0 1 95 0
46.875 4 0 1 95 0
47 4 0 1 95 0
47.125 4 0 0 96 0
