t S E I R D
0 98 0 2 0 0
0.125 97 1 2 0 0
0.25 97 1 2 0 0
0.375 96 2 2 0 0
0.5 96 2 2 0 0
0.625 96 2 2 0 0
0.75 96 2 2 0 0
0.875 96 2 2 0 0
1 96 2 2 0 0
1.125 96 2 2 0 0
1.25 96 2 2 0 0
1.375 95 3 2 0 0
1.5 95 2 3 0 0
1.625 95 1 4 0 0
1.75 95 1 4 0 0
1.875 94 2 4 0 0
2 94 2 3 1 0
2.125 93 3 3 1 0
2.25 93 3 3 1 0
2.375 92 4 3 1 0
2.5 91 5 3 1 0
2.625 91 5 3 1 0
2.75 88 8 3 1 0
2.875 87 9 3 1 0
3 87 7 5 1 0
3.125 87 7 5 1 0
3.25 87 6 6 1 0
3.375 86 7 6 1 0
3.5 85 8 6 1 0
3.625 85 7 7 1 0
3.75 85 7 7 1 0
3.875 84 6 9 1 0
4 84 6 9 1 0
4.125 82 8 9 1 0
4.25 80 9 9 2 0
4.375 80 9 9 2 0
4.5 78 10 10 2 0
4.625 77 11 10 2 0
4.75 76 12 10 2 0
4.875 74 14 10 2 0
5 73 15 10 2 0
5.125 72 15 10 3 0
5.25 72 14 10 4 0
5.375 70 15 11 4 0
5.5 70 13 13 4 0
5.625 68 15 13 4 0
5.75 68 14 14 4 0
5.875 67 12 17 4 0
6 64 15 17 4 0
6.125 63 16 17 4 0
6.25 63 15 18 4 0
6.375 63 14 19 4 0
6.5 62 14 20 4 0
6.625 61 14 21 4 0
6.75 58 15 22 5 0
6.875 58 15 20 7 0
7 58 14 21 7 0
7.125 55 16 22 7 0
7.25 54 14 25 7 0
7.375 53 14 26 7 0
7.5 53 13 27 7 0
7.625 53 12 27 8 0
7.75 52 12 26 10 0
7.875 52 12 25 11 0
8 50 12 24 14 0
8.125 49 13 24 14 0
8.25 49 12 25 14 0
8.375 48 12 26 14 0
8.5 48 11 27 14 0
8.625 46 12 28 14 0
8.75 44 14 27 15 0
8.875 40 17 27 16 0
9 40 17 27 16 0
9.125 38 18 28 16 0
9.25 38 16 30 16 0
9.375 36 18 29 17 0
9.5 34 19 29 18 0
9.625 34 15 33 18 0
9.75 31 18 33 18 0
9.875 30 19 33 18 0
10 30 18 34 18 0
10.125 28 20 34 18 0
10.25 28 16 37 19 0
10.375 28 14 38 20 0
10.5 28 13 39 20 0
10.625 28 12 39 21 0
10.75 27 12 40 21 0
10.875 26 11 42 21 0
11 26 11 41 22 0
11.125 26 10 42 22 0
11.25 26 10 41 23 0
11.375 25 11 40 24 0
11.5 25 11 40 24 0
11.625 25 9 42 24 0
11.75 25 8 42 25 0
11.875 24 8 42 26 0
12 24 7 43 26 0
12.125 24 5 43 28 0
12.25 23 6 42 29 0
12.375 23 5 41 31 0
12.5 23 5 41 31 0
12.625 23 5 39 33 0
12.75 23 5 38 34 0
12.875 22 6 37 35 0
13 21 7 36 36 0
13.125 21 4 38 37 0
13.25 20 5 36 39 0
13.375 20 5 36 39 0
13.5 20 5 35 40 0
13.625 19 6 33 42 0
13.75 18 7 32 43 0
13.875 16 8 33 43 0
14 16 7 33 44 0
14.125 15 8 33 44 0
14.25 15 7 34 44 0
14.375 15 7 34 44 0
14.5 15 7 33 45 0
14.625 15 6 32 47 0
14.75 15 6 32 47 0
14.875 15 5 32 48 0
15 15 5 31 49 0
15.125 15 5 30 50 0
15.25 14 5 31 50 0
15.375 13 6 30 51 0
15.5 13 5 31 51 0
15.625 13 5 30 52 0
15.75 13 5 30 52 0
15.875 13 4 31 52 0
16 13 4 31 52 0
16.125 13 3 32 52 0
16.25 13 3 32 52 0
16.375 13 3 31 53 0
16.5 13 3 30 54 0
16.625 13 2 31 54 0
16.75 12 3 30 55 0
16.875 12 3 28 57 0
17 12 3 28 57 0
17.125 12 3 28 57 0
17.25 12 3 28 57 0
17.375 12 2 29 57 0
17.5 12 2 27 59 0
17.625 12 2 25 61 0
17.75 12 2 23 63 0
17.875 12 2 23 63 0
18 12 2 22 64 0
18.125 12 1 23 64 0
18.25 12 1 23 64 0
18.375 12 1 22 65 0
18.5 12 0 23 65 0
18.625 12 0 23 65 0
18.75 12 0 23 65 0
18.875 12 0 23 65 0
19 12 0 23 65 0
19.125 12 0 23 65 0
19.25 12 0 22 66 0
19.375 12 0 22 66 0
19.5 12 0 22 66 0
19.625 12 0 21 67 0
19.75 12 0 20 68 0
19.875 12 0 19 69 0
20 12 0 19 69 0
20.125 12 0 19 69 0
20.25 12 0 19 69 0
20.375 12 0 18 70 0
20.5 12 0 18 70 0
20.625 12 0 16 72 0
20.75 12 0 16 72 0
20.875 12 0 16 72 0
21 12 0 16 72 0
21.125 12 0 16 72 0
21.25 12 0 16 72 0
21.375 12 0 16 72 0
21.5 12 0 16 72 0
21.625 11 1 16 72 0
21.75 11 1 15 73 0
21.875 11 1 15 73 0
22 11 1 15 73 0
22.125 11 1 14 74 0
22.25 10 2 14 74 0
22.375 10 2 13 75 0
22.5 10 2 13 75 0
22.625 10 2 13 75 0
22.75 10 2 13 75 0
22.875 10 2 13 75 0
23 10 2 12 76 0
23.125 10 2 12 76 0
23.25 10 1 13 76 0
23.375 10 1 13 76 0
23.5 10 1 13 76 0
23.625 10 1 13 76 0
23.75 10 1 13 76 0
23.875 10 1 13 76 0
24 10 1 12 77 0
24.125 10 1 12 77 0
24.25 10 0 13 77 0
24.375 10 0 13 77 0
24.5 10 0 13 77 0
24.625 10 0 13 77 0
24.75 10 0 13 77 0
24.875 10 0 13 77 0
25 10 0 12 78 0
25.125 10 0 12 78 0
25.25 10 0 12 78 0
25.375 10 0 12 78 0
25.5 10 0 11 79 0
25.625 10 0 11 79 0
25.75 10 0 11 79 0
25.875 10 0 10 80 0
26 10 0 9 81 0
26.125 10 0 9 81 0
26.25 10 0 9 81 0
26.375 10 0 9 81 0
26.5 10 0 9 81 0
26.625 10 0 9 81 0
26.75 10 0 9 81 0
26.875 10 0 9 81 0
27 10 0 9 81 0
27.125 10 0 9 81 0
27.25 10 0 9 81 0
27.375 10 0 8 82 0
27.5 10 0 8 82 0
27.625 10 0 8 82 0
27.75 10 0 8 82 0
27.875 10 0 7 83 0
28 10 0 7 83 0
28.125 10 0 7 83 0
28.25 10 0 7 83 0
28.375 10 0 6 84 0
28.5 10 0 6 84 0
28.625 10 0 6 84 0
28.75 10 0 6 84 0
28.875 10 0 6 84 0
29 10 0 6 84 0
29.125 10 0 6 84 0
29.25 10 0 6 84 0
29.375 10 0 6 84 0
29.5 10 0 6 84 0
29.625 10 0 6 84 0
29.75 10 0 6 84 0
29.875 10 0 6 84 0
30 10 0 6 84 0
30.125 10 0 6 84 0
30.25 10 0 6 84 0
30.375 10 0 6 84 0
30.5 10 0 5 85 0
30.625 10 0 4 86 0
30.75 9 1 4 86 0
30.875 9 1 4 86 0
31 9 1 4 86 0
31.125 9 1 4 86 0
31.25 9 1 3 87 0
31.375 9 1 3 87 0
31.5 9 1 3 87 0
31.625 9 1 3 87 0
31.75 9 1 3 87 0
31.875 9 1 3 87 0
32 9 1 3 87 0
32.125 9 1 3 87 0
32.25 9 1 3 87 0
32.375 9 1 3 87 0
32.5 9 0 4 87 0
32.625 9 0 4 87 0
32.75 9 0 4 87 0
32.875 9 0 4 87 0
33 9 0 4 87 0
33.125 9 0 4 87 0
33.25 9 0 4 87 0
33.375 9 0 4 87 0
33.5 9 0 4 87 0
33.625 9 0 4 87 0
33.75 9 0 4 87 0
33.875 9 0 4 87 0
34 9 0 4 87 0
34.125 9 0 4 87 0
34.25 9 0 4 87 0
34.375 9 0 4 87 0
34.5 9 0 4 87 0
34.625 9 0 4 87 0
34.75 9 0 3 88 0
34.875 9 0 3 88 0
35 9 0 3 88 0
35.125 9 0 3 88 0
35.25 9 0 3 88 0
35.375 9 0 3 88 0
35.5 9 0 3 88 0
35.625 9 0 3 88 0
35.75 9 0 3 88 0
35.875 9 0 3 88 0
36 9 0 3 88 0
36.125 9 0 3 88 0
36.25 9 0 3 88 0
36.375 9 0 3 88 0
36.5 9 0 3 88 0
36.625 9 0 3 88 0
36.75 9 0 3 88 0
36.875 9 0 3 88 0
37 9 0 3 88 0
37.125 9 0 3 88 0
37.25 9 0 3 88 0
37.375 9 0 3 88 0
37.5 9 0 3 88 0
37.625 9 0 3 88 0
37.75 9 0 3 88 0
37.875 9 0 3 88 0
38 9 0 3 88 0
38.125 9 0 3 88 0
38.25 9 0 3 88 0
38.375 9 0 3 88 0
38.5 9 0 3 88 0
38.625 9 0 3 88 0
38.75 9 0 3 88 0
38.875 9 0 3 88 0
39 9 0 3 88 0
39.125 9 0 3 88 0
39.25 9 0 3 88 0
39.375 9 0 3 88 0
39.5 9 0 2 89 0
39.625 9 0 2 89 0
39.75 9 0 2 89 0
39.875 9 0 2 89 0
40 9 0 2 89 0
40.125 9 0 2 89 0
40.25 9 0 2 89 0
40.375 9 0 2 89 0
40.5 9 0 2 89 0
40.625 9 0 2 89 0
40.75 9 0 2 89 0
40.875 9 0 2 89 0
41 9 0 2 89 0
41.125 9 0 2 89 0
41.25 9 0 2 89 0
41.375 9 0 2 89 0
41.5 9 0 2 89 0
41.625 9 0 2 89 0
41.75 9 0 2 89 0
41.875 9 0 2 89 0
42 9 0 2 89 0
42.125 9 0 2 89 0
42.25 9 0 2 89 0
42.375 9 0 2 89 0
42.5 9 0 1 90 0
42.625 9 0 1 90 0
42.75 9 0 1 90 0
42.875 9 0 1 90 0
43 9 0 1 90 0
43.125 9 0 1 90 0
43.25 9 0 1 90 0
43.375 9 0 1 90 0
43.5 9 0 1 90 0
43.625 9 0 1 90 0
43.75 9 0 1 90 0
43.875 9 0 1 90 0
44 9 0 1 90 0
44.125 9 0 1 90 0
44.25 9 0 1 90 0
44.375 9 0 1 90 0
44.5 9 0 1 90 0
44.625 9 0 1 90 0
44.75 9 0 1 90 0
44.875 9 0 1 90 0
45 9 0 1 90 0
45.125 9 0 1 90 0
45.25 9 0 1 90 0
45.375 9 0 1 90 0
45.5 9 0 1 90 0
45.625 9 0 1 90 0
45.75 9 0 1 90 0
45.875 9 0 1 90 0
46 9 0 1 90 0
46.125 9 0 0 91 0
