t S E I R D
0 98 0 2 0 0
0.125 97 1 2 0 0
0.25 97 1 2 0 0
0.375 97 1 2 0 0
0.5 97 1 2 0 0
0.625 97 1 2 0 0
0.75 97 1 2 0 0
0.875 97 1 2 0 0
1 97 1 2 0 0
1.125 97 1 2 0 0
1.25 97 1 2 0 0
1.375 97 0 3 0 0
1.5 97 0 3 0 0
1.625 97 0 3 0 0
1.75 97 0 3 0 0
1.875 97 0 3 0 0
2 97 0 3 0 0
2.125 97 0 2 1 0
2.25 97 0 2 1 0
2.375 97 0 2 1 0
2.5 97 0 2 1 0
2.625 97 0 2 1 0
2.75 97 0 2 1 0
2.875 97 0 2 1 0
3 97 0 2 1 0
3.125 97 0 2 1 0
3.25 97 0 2 1 0
3.375 97 0 2 1 0
3.5 97 0 2 1 0
3.625 97 0 2 1 0
3.75 97 0 2 1 0
3.875 97 0 2 1 0
4 97 0 2 1 0
4.125 97 0 2 1 0
4.25 97 0 2 1 0
4.375 97 0 2 1 0
4.5 97 0 2 1 0
4.625 97 0 2 1 0
4.75 97 0 2 1 0
4.875 97 0 2 1 0
5 97 0 2 1 0
5.125 97 0 2 1 0
5.25 97 0 1 2 0
5.375 97 0 1 2 0
5.5 97 0 1 2 0
5.625 97 0 1 2 0
5.75 97 0 1 2 0
5.875 97 0 1 2 0
6 97 0 1 2 0
6.125 97 0 1 2 0
6.25 97 0 1 2 0
6.375 97 0 1 2 0
6.5 97 0 1 2 0
6.625 97 0 1 2 0
6.75 97 0 1 2 0
6.875 97 0 1 2 0
7 97 0 1 2 0
7.125 97 0 1 2 0
7.25 97 0 1 2 0
7.375 96 1 1 2 0
7.5 96 0 2 2 0
7.625 95 1 2 2 0
7.75 95 1 2 2 0
7.875 94 2 2 2 0
8 93 3 2 2 0
8.125 93 3 2 2 0
8.25 91 5 2 2 0
8.375 91 5 2 2 0
8.5 90 6 2 2 0
8.625 89 7 2 2 0
8.75 89 7 2 2 0
8.875 89 7 2 2 0
9 88 8 2 2 0
9.125 86 9 3 2 0
9.25 86 8 4 2 0
9.375 86 8 4 2 0
9.5 85 9 4 2 0
9.625 83 10 5 2 0
9.75 83 10 5 2 0
9.875 83 10 5 2 0
10 83 10 4 3 0
10.125 83 9 5 3 0
10.25 83 9 5 3 0
10.375 83 9 5 3 0
10.5 82 8 7 3 0
10.625 82 7 8 3 0
10.75 81 8 8 3 0
10.875 80 9 8 3 0
11 80 8 9 3 0
11.125 79 9 9 3 0
11.25 79 9 9 3 0
11.375 79 9 9 3 0
11.5 78 10 9 3 0
11.625 78 10 9 3 0
11.75 75 13 9 3 0
11.875 75 12 10 3 0
12 74 13 10 3 0
12.125 74 12 11 3 0
12.25 73 13 11 3 0
12.375 73 12 12 3 0
12.5 73 10 14 3 0
12.625 73 9 15 3 0
12.75 72 10 15 3 0
12.875 71 11 14 4 0
13 69 13 14 4 0
13.125 68 13 15 4 0
13.25 68 13 13 6 0
13.375 66 15 13 6 0
13.5 65 14 15 6 0
13.625 65 13 16 6 0
13.75 65 12 16 7 0
13.875 64 12 17 7 0
14 63 12 16 9 0
14.125 60 14 16 10 0
14.25 59 15 16 10 0
14.375 59 13 18 10 0
14.5 58 13 19 10 0
14.625 57 12 21 10 0
14.75 57 12 20 11 0
14.875 56 12 21 11 0
15 55 13 20 12 0
15.125 54 13 21 12 0
15.25 54 13 20 13 0
15.375 54 12 21 13 0
15.5 54 12 21 13 0
15.625 54 12 20 14 0
15.75 54 11 21 14 0
15.875 54 10 21 15 0
16 52 12 21 15 0
16.125 52 12 20 16 0
16.25 51 10 22 17 0
16.375 50 10 23 17 0
16.5 50 8 24 18 0
16.625 48 10 23 19 0
16.75 47 11 23 19 0
16.875 46 11 23 20 0
17 46 9 25 20 0
17.125 46 8 26 20 0
17.25 46 6 28 20 0
17.375 45 6 28 21 0
17.5 44 7 28 21 0
17.625 43 8 26 23 0
17.75 43 8 25 24 0
17.875 43 8 24 25 0
18 42 9 24 25 0
18.125 42 9 23 26 0
18.25 42 8 24 26 0
18.375 42 8 24 26 0
18.5 41 8 24 27 0
18.625 41 8 24 27 0
18.75 41 8 24 27 0
18.875 41 8 24 27 0
19 41 5 27 27 0
19.125 40 6 26 28 0
19.25 40 6 26 28 0
19.375 40 6 26 28 0
19.5 39 7 25 29 0
19.625 39 7 25 29 0
19.75 39 7 25 29 0
19.875 38 8 23 31 0
20 38 8 23 31 0
20.125 38 7 22 33 0
20.25 38 7 22 33 0
20.375 38 7 22 33 0
20.5 38 7 22 33 0
20.625 38 5 23 34 0
20.75 38 4 24 34 0
20.875 38 4 24 34 0
21 38 4 24 34 0
21.125 38 4 24 34 0
21.25 38 2 26 34 0
21.375 38 2 26 34 0
21.5 38 2 25 35 0
21.625 37 3 25 35 0
21.75 36 3 25 36 0
21.875 36 3 25 36 0
22 36 2 25 37 0
22.125 35 3 25 37 0
22.25 35 3 24 38 0
22.375 35 3 22 40 0
22.5 35 3 22 40 0
22.625 35 3 22 40 0
22.75 35 1 24 40 0
22.875 35 1 24 40 0
23 34 2 24 40 0
23.125 34 2 24 40 0
23.25 34 2 22 42 0
23.375 34 2 21 43 0
23.5 34 2 21 43 0
23.625 33 3 20 44 0
23.75 33 2 21 44 0
23.875 33 2 21 44 0
24 33 2 21 44 0
24.125 33 2 21 44 0
24.25 32 3 21 44 0
24.375 32 3 21 44 0
24.5 32 2 22 44 0
24.625 31 2 21 46 0
24.75 31 2 21 46 0
24.875 31 2 21 46 0
25 31 2 20 47 0
25.125 30 3 20 47 0
25.25 30 3 19 48 0
25.375 30 3 16 51 0
25.5 30 3 16 51 0
25.625 30 2 17 51 0
25.75 30 2 17 51 0
25.875 30 2 17 51 0
26 30 2 17 51 0
26.125 30 2 16 52 0
26.25 30 2 15 53 0
26.375 30 2 15 53 0
26.5 29 1 16 54 0
26.625 29 1 16 54 0
26.75 29 1 16 54 0
26.875 29 1 16 54 0
27 29 1 14 56 0
27.125 29 1 12 58 0
27.25 29 1 11 59 0
27.375 29 1 11 59 0
27.5 29 0 11 60 0
27.625 29 0 11 60 0
27.75 29 0 11 60 0
27.875 29 0 11 60 0
28 29 0 11 60 0
28.125 29 0 11 60 0
28.25 29 0 11 60 0
28.375 29 0 11 60 0
28.5 29 0 10 61 0
28.625 29 0 9 62 0
28.75 29 0 9 62 0
28.875 29 0 9 62 0
29 29 0 9 62 0
29.125 29 0 9 62 0
29.25 29 0 9 62 0
29.375 29 0 9 62 0
29.5 29 0 8 63 0
29.625 28 1 8 63 0
29.75 28 1 8 63 0
29.875 28 1 8 63 0
30 27 2 8 63 0
30.125 27 2 8 63 0
30.25 27 2 8 63 0
30.375 26 3 8 63 0
30.5 26 2 9 63 0
30.625 26 2 9 63 0
30.75 26 2 9 63 0
30.875 25 2 9 64 0
31 25 2 9 64 0
31.125 25 1 10 64 0
31.25 25 1 10 64 0
31.375 25 1 10 64 0
31.5 25 1 9 65 0
31.625 25 1 9 65 0
31.75 25 1 9 65 0
31.875 24 2 9 65 0
32 24 2 9 65 0
32.125 24 2 9 65 0
32.25 24 2 8 66 0
32.375 24 1 8 67 0
32.5 24 1 7 68 0
32.625 24 1 7 68 0
32.75 24 1 6 69 0
32.875 24 1 6 69 0
33 24 1 6 69 0
33.125 24 1 6 69 0
33.25 24 1 6 69 0
33.375 24 1 6 69 0
33.5 24 1 6 69 0
33.625 24 1 6 69 0
33.75 24 1 6 69 0
33.875 24 1 6 69 0
34 24 0 7 69 0
34.125 24 0 7 69 0
34.25 24 0 7 69 0
34.375 24 0 7 69 0
34.5 24 0 7 69 0
34.625 24 0 7 69 0
34.75 24 0 7 69 0
34.875 23 1 7 69 0
35 22 2 7 69 0
35.125 22 2 7 69 0
35.25 22 2 7 69 0
35.375 22 2 7 69 0
35.5 22 2 7 69 0
35.625 22 2 7 69 0
35.75 21 3 7 69 0
35.875 21 3 6 70 0
36 21 3 6 70 0
36.125 21 3 6 70 0
36.25 21 3 6 70 0
36.375 21 2 7 70 0
36.5 21 1 8 70 0
36.625 21 1 8 70 0
36.75 21 0 9 70 0
36.875 21 0 9 70 0
37 21 0 9 70 0
37.125 21 0 9 70 0
37.25 21 0 8 71 0
37.375 21 0 7 72 0
37.5 21 0 7 72 0
37.625 21 0 7 72 0
37.75 21 0 7 72 0
37.875 21 0 7 72 0
38 21 0 7 72 0
38.125 21 0 7 72 0
38.25 21 0 7 72 0
38.375 21 0 7 72 0
38.5 21 0 7 72 0
38.625 20 1 7 72 0
38.75 20 1 7 72 0
38.875 20 1 7 72 0
39 20 1 7 72 0
39.125 20 1 7 72 0
39.25 20 1 6 73 0
39.375 20 1 6 73 0
39.5 20 1 6 73 0
39.625 20 1 6 73 0
39.75 20 1 6 73 0
39.875 20 1 5 74 0
40 20 1 4 75 0
40.125 20 1 4 75 0
40.25 20 1 4 75 0
40.375 20 1 4 75 0
40.5 20 1 4 75 0
40.625 20 1 4 75 0
40.75 20 1 4 75 0
40.875 20 0 5 75 0
41 20 0 5 75 0
41.125 20 0 5 75 0
41.25 20 0 4 76 0
41.375 20 0 4 76 0
41.5 20 0 4 76 0
41.625 20 0 4 76 0
41.75 20 0 4 76 0
41.875 20 0 4 76 0
42 20 0 4 76 0
42.125 20 0 4 76 0
42.25 20 0 4 76 0
42.375 20 0 4 76 0
42.5 20 0 4 76 0
42.625 20 0 4 76 0
42.75 20 0 4 76 0
42.875 20 0 4 76 0
43 20 0 4 76 0
43.125 20 0 4 76 0
43.25 20 0 4 76 0
43.375 20 0 3 77 0
43.5 20 0 2 78 0
43.625 20 0 2 78 0
43.75 20 0 2 78 0
43.875 20 0 2 78 0
44 20 0 2 78 0
44.125 20 0 1 79 0
44.25 20 0 1 79 0
44.375 20 0 1 79 0
44.5 20 0 1 79 0
44.625 20 0 1 79 0
44.75 20 0 1 79 0
44.875 20 0 1 79 0
45 20 0 1 79 0
45.125 20 0 1 79 0
45.25 20 0 1 79 0
45.375 20 0 1 79 0
45.5 20 0 1 79 0
45.625 20 0 1 79 0
45.75 19 1 1 79 0
45.875 19 1 1 79 0
46 19 1 1 79 0
46.125 19 1 1 79 0
46.25 19 1 1 79 0
46.375 19 0 2 79 0
46.5 19 0 2 79 0
46.625 19 0 2 79 0
46.75 19 0 2 79 0
46.875 19 0 2 79 0
47 19 0 2 79 0
47.125 19 0 2 79 0
47.25 19 0 2 79 0
47.375 19 0 2 79 0
47.5 19 0 2 79 0
47.625 19 0 2 79 0
47.75 19 0 2 79 0
47.875 19 0 2 79 0
48 19 0 2 79 0
48.125 19 0 2 79 0
48.25 19 0 2 79 0
48.375 19 0 2 79 0
48.5 19 0 2 79 0
48.625 19 0 2 79 0
48.75 19 0 2 79 0
48.875 19 0 2 79 0
49 19 0 2 79 0
49.125 19 0 2 79 0
49.25 19 0 2 79 0
49.375 19 0 2 79 0
49.5 19 0 2 79 0
49.625 19 0 2 79 0
49.75 19 0 2 79 0
49.875 19 0 1 80 0
50 19 0 1 80 0
50.125 19 0 1 80 0
50.25 19 0 1 80 0
50.375 19 0 1 80 0
50.5 19 0 1 80 0
50.625 19 0 1 80 0
50.75 19 0 1 80 0
50.875 19 0 1 80 0
51 19 0 1 80 0
51.125 19 0 1 80 0
51.25 19 0 1 80 0
51.375 19 0 1 80 0
51.5 19 0 1 80 0
51.625 19 0 1 80 0
51.75 19 0 1 80 0
51.875 19 0 1 80 0
52 19 0 1 80 0
52.125 19 0 1 80 0
52.25 19 0 1 80 0
52.375 19 0 1 80 0
52.5 19 0 1 80 0
52.625 19 0 1 80 0
52.75 19 0 1 80 0
52.875 19 0 1 80 0
53 19 0 1 80 0
53.125 19 0 1 80 0
53.25 19 0 1 80 0
53.375 19 0 1 80 0
53.5 19 0 1 80 0
53.625 19 0 1 80 0
53.75 19 0 1 80 0
53.875 19 0 1 80 0
54 19 0 1 80 0
54.125 19 0 1 80 0
54.25 19 0 1 80 0
54.375 19 0 1 80 0
54.5 19 0 1 80 0
54.625 19 0 1 80 0
54.75 19 0 1 80 0
54.875 19 0 1 80 0
55 19 0 1 80 0
55.125 19 0 1 80 0
55.25 19 0 1 80 0
55.375 19 0 1 80 0
55.5 19 0 1 80 0
55.625 19 0 1 80 0
55.75 19 0 1 80 0
55.875 19 0 1 80 0
56 19 0 1 80 0
56.125 19 0 1 80 0
56.25 19 0 1 80 0
56.375 19 0 1 80 0
56.5 19 0 1 80 0
56.625 19 0 1 80 0
56.75 19 0 1 80 0
56.875 19 0 1 80 0
57 19 0 1 80 0
57.125 19 0 1 80 0
57.25 19 0 0 81 0
