t S E I R D
0 98 0 2 0 0
0.125 98 0 1 1 0
0.25 98 0 1 1 0
0.375 98 0 1 1 0
0.5 98 0 1 1 0
0.625 98 0 1 1 0
0.75 98 0 1 1 0
0.875 97 1 1 1 0
1 97 1 0 2 0
1.125 97 1 0 2 0
1.25 97 1 0 2 0
1.375 97 1 0 2 0
1.5 97 1 0 2 0
1.625 97 1 0 2 0
1.75 97 1 0 2 0
1.875 97 1 0 2 0
2 97 1 0 2 0
2.125 97 1 0 2 0
2.25 97 1 0 2 0
2.375 97 1 0 2 0
2.5 97 1 0 2 0
2.625 97 1 0 2 0
2.75 97 1 0 2 0
2.875 97 1 0 2 0
3 97 1 0 2 0
3.125 97 1 0 2 0
3.25 97 1 0 2 0
3.375 97 1 0 2 0
3.5 97 1 0 2 0
3.625 97 1 0 2 0
3.75 97 1 0 2 0
3.875 97 1 0 2 0
4 97 1 0 2 0
4.125 97 1 0 2 0
4.25 97 1 0 2 0
4.375 97 0 1 2 0
4.5 97 0 1 2 0
4.625 97 0 1 2 0
4.75 97 0 1 2 0
4.875 97 0 1 2 0
5 97 0 1 2 0
5.125 97 0 1 2 0
5.25 97 0 1 2 0
5.375 97 0 1 2 0
5.5 97 0 1 2 0
5.625 97 0 1 2 0
5.75 97 0 1 2 0
5.875 96 1 1 2 0
6 96 1 1 2 0
6.125 96 1 1 2 0
6.25 96 1 1 2 0
6.375 96 1 1 2 0
6.5 96 1 1 2 0
6.625 96 0 2 2 0
6.75 96 0 2 2 0
6.875 96 0 2 2 0
7 96 0 2 2 0
7.125 96 0 2 2 0
7.25 96 0 2 2 0
7.375 96 0 2 2 0
7.5 96 0 2 2 0
7.625 96 0 2 2 0
7.75 96 0 2 2 0
7.875 96 0 2 2 0
8 95 1 2 2 0
8.125 95 1 2 2 0
8.25 95 1 2 2 0
8.375 95 1 2 2 0
8.5 95 1 2 2 0
8.625 94 2 2 2 0
8.75 94 2 2 2 0
8.875 94 2 2 2 0
9 93 3 2 2 0
9.125 93 2 3 2 0
9.25 92 2 4 2 0
9.375 92 2 4 2 0
9.5 92 2 4 2 0
9.625 91 3 4 2 0
9.75 91 3 3 3 0
9.875 91 3 3 3 0
10 91 3 3 3 0
10.125 91 3 3 3 0
10.25 91 2 4 3 0
10.375 91 2 4 3 0
10.5 91 2 4 3 0
10.625 91 2 4 3 0
10.75 91 1 5 3 0
10.875 91 1 5 3 0
11 91 1 5 3 0
11.125 91 1 5 3 0
11.25 90 2 5 3 0
11.375 90 2 5 3 0
11.5 90 2 4 4 0
11.625 90 2 4 4 0
11.75 90 2 3 5 0
11.875 90 2 2 6 0
12 90 2 2 6 0
12.125 90 2 2 6 0
12.25 90 2 2 6 0
12.375 90 2 2 6 0
12.5 89 3 2 6 0
12.625 89 2 3 6 0
12.75 89 2 3 6 0
12.875 89 2 3 6 0
13 89 2 3 6 0
13.125 89 2 3 6 0
13.25 89 2 3 6 0
13.375 89 2 3 6 0
13.5 89 2 3 6 0
13.625 89 2 3 6 0
13.75 89 2 3 6 0
13.875 89 2 3 6 0
14 89 2 3 6 0
14.125 89 2 3 6 0
14.25 89 2 3 6 0
14.375 88 3 3 6 0
14.5 88 3 3 6 0
14.625 88 3 3 6 0
14.75 88 3 3 6 0
14.875 88 3 3 6 0
15 88 3 3 6 0
15.125 87 3 4 6 0
15.25 87 3 4 6 0
15.375 87 3 4 6 0
15.5 87 3 4 6 0
15.625 87 2 5 6 0
15.75 87 1 6 6 0
15.875 87 1 6 6 0
16 87 1 6 6 0
16.125 87 0 6 7 0
16.25 85 2 6 7 0
16.375 84 2 7 7 0
16.5 84 1 8 7 0
16.625 84 1 8 7 0
16.75 84 1 7 8 0
16.875 83 2 7 8 0
17 82 3 7 8 0
17.125 81 4 7 8 0
17.25 81 4 7 8 0
17.375 78 7 7 8 0
17.5 78 4 10 8 0
17.625 78 4 10 8 0
17.75 76 6 9 9 0
17.875 75 7 9 9 0
18 73 8 10 9 0
18.125 71 9 10 10 0
18.25 71 8 10 11 0
18.375 69 10 10 11 0
18.5 69 8 12 11 0
18.625 69 7 13 11 0
18.75 69 6 13 12 0
18.875 69 6 13 12 0
19 68 7 13 12 0
19.125 66 9 13 12 0
19.25 65 10 13 12 0
19.375 63 12 12 13 0
19.5 63 11 13 13 0
19.625 61 12 14 13 0
19.75 60 13 14 13 0
19.875 60 13 14 13 0
20 60 12 15 13 0
20.125 60 12 15 13 0
20.25 60 10 17 13 0
20.375 60 9 18 13 0
20.5 60 8 19 13 0
20.625 59 9 19 13 0
20.75 58 10 19 13 0
20.875 58 9 20 13 0
21 57 10 20 13 0
21.125 56 10 19 15 0
21.25 55 11 19 15 0
21.375 53 13 19 15 0
21.5 53 13 19 15 0
21.625 53 13 19 15 0
21.75 51 15 18 16 0
21.875 51 15 18 16 0
22 51 13 19 17 0
22.125 51 12 20 17 0
22.25 50 13 18 19 0
22.375 50 12 19 19 0
22.5 50 10 21 19 0
22.625 50 9 22 19 0
22.75 48 8 25 19 0
22.875 48 8 24 20 0
23 46 10 24 20 0
23.125 45 11 24 20 0
23.25 45 11 24 20 0
23.375 43 12 25 20 0
23.5 43 11 25 21 0
23.625 43 10 25 22 0
23.75 43 9 26 22 0
23.875 43 8 25 24 0
24 43 8 25 24 0
24.125 43 7 25 25 0
24.25 43 7 24 26 0
24.375 43 6 24 27 0
24.5 43 6 23 28 0
24.625 43 6 23 28 0
24.75 42 7 22 29 0
24.875 42 7 19 32 0
25 42 7 19 32 0
25.125 41 8 18 33 0
25.25 41 7 18 34 0
25.375 41 7 18 34 0
25.5 41 5 20 34 0
25.625 41 5 18 36 0
25.75 39 6 19 36 0
25.875 39 5 20 36 0
26 39 5 18 38 0
26.125 38 6 18 38 0
26.25 38 6 18 38 0
26.375 38 5 18 39 0
26.5 38 5 18 39 0
26.625 37 6 17 40 0
26.75 37 5 17 41 0
26.875 37 5 17 41 0
27 37 4 18 41 0
27.125 37 4 18 41 0
27.25 37 4 18 41 0
27.375 37 3 19 41 0
27.5 36 3 20 41 0
27.625 36 3 19 42 0
27.75 36 2 19 43 0
27.875 36 2 19 43 0
28 36 2 19 43 0
28.125 36 2 19 43 0
28.25 35 3 19 43 0
28.375 34 3 20 43 0
28.5 34 3 19 44 0
28.625 34 3 19 44 0
28.75 34 3 19 44 0
28.875 33 4 17 46 0
29 33 4 17 46 0
29.125 33 4 16 47 0
29.25 33 4 15 48 0
29.375 33 3 16 48 0
29.5 33 3 16 48 0
29.625 33 2 17 48 0
29.75 33 2 17 48 0
29.875 33 1 18 48 0
30 33 1 17 49 0
30.125 32 2 17 49 0
30.25 32 2 17 49 0
30.375 31 3 15 51 0
30.5 31 3 14 52 0
30.625 31 3 14 52 0
30.75 31 3 14 52 0
30.875 31 3 14 52 0
31 31 3 14 52 0
31.125 31 3 14 52 0
31.25 31 3 14 52 0
31.375 31 3 14 52 0
31.5 30 4 14 52 0
31.625 30 4 14 52 0
31.75 30 4 13 53 0
31.875 30 4 13 53 0
32 30 4 12 54 0
32.125 30 4 12 54 0
32.25 30 4 11 55 0
32.375 30 4 11 55 0
32.5 30 4 11 55 0
32.625 30 3 12 55 0
32.75 30 2 11 57 0
32.875 29 3 11 57 0
33 29 3 11 57 0
33.125 29 3 11 57 0
33.25 29 3 10 58 0
33.375 29 3 9 59 0
33.5 29 3 9 59 0
33.625 29 3 9 59 0
33.75 29 3 9 59 0
33.875 29 3 9 59 0
34 28 4 8 60 0
34.125 28 4 8 60 0
34.25 28 4 8 60 0
34.375 28 3 9 60 0
34.5 28 2 9 61 0
34.625 28 2 9 61 0
34.75 28 2 8 62 0
34.875 28 2 8 62 0
35 28 2 8 62 0
35.125 28 2 7 63 0
35.25 28 2 7 63 0
35.375 28 1 7 64 0
35.5 28 1 7 64 0
35.625 28 1 7 64 0
35.75 28 1 7 64 0
35.875 28 1 6 65 0
36 28 1 6 65 0
36.125 28 1 5 66 0
36.25 28 1 5 66 0
36.375 27 2 5 66 0
36.5 27 2 5 66 0
36.625 27 2 5 66 0
36.75 27 2 5 66 0
36.875 27 2 5 66 0
37 27 2 5 66 0
37.125 27 2 5 66 0
37.25 27 1 6 66 0
37.375 27 1 6 66 0
37.5 27 1 6 66 0
37.625 27 1 5 67 0
37.75 27 0 6 67 0
37.875 27 0 6 67 0
38 27 0 5 68 0
38.125 27 0 5 68 0
38.25 27 0 4 69 0
38.375 27 0 4 69 0
38.5 27 0 3 70 0
38.625 26 1 3 70 0
38.75 26 1 3 70 0
38.875 26 1 3 70 0
39 26 1 3 70 0
39.125 25 2 3 70 0
39.25 25 2 3 70 0
39.375 25 2 2 71 0
39.5 25 2 2 71 0
39.625 25 2 2 71 0
39.75 25 2 2 71 0
39.875 25 2 2 71 0
40 25 2 2 71 0
40.125 25 2 2 71 0
40.25 25 1 3 71 0
40.375 25 1 3 71 0
40.5 25 1 3 71 0
40.625 25 0 4 71 0
40.75 25 0 4 71 0
40.875 25 0 4 71 0
41 25 0 4 71 0
41.125 25 0 3 72 0
41.25 25 0 3 72 0
41.375 25 0 3 72 0
41.5 25 0 3 72 0
41.625 25 0 3 72 0
41.75 25 0 3 72 0
41.875 25 0 3 72 0
42 25 0 3 72 0
42.125 25 0 3 72 0
42.25 25 0 3 72 0
42.375 25 0 3 72 0
42.5 25 0 3 72 0
42.625 25 0 3 72 0
42.75 25 0 3 72 0
42.875 25 0 3 72 0
43 25 0 3 72 0
43.125 24 1 3 72 0
43.25 24 1 3 72 0
43.375 24 1 3 72 0
43.5 24 1 3 72 0
43.625 24 1 3 72 0
43.75 24 1 3 72 0
43.875 24 1 3 72 0
44 24 1 3 72 0
44.125 24 1 3 72 0
44.25 24 1 3 72 0
44.375 24 1 3 72 0
44.5 24 1 3 72 0
44.625 24 1 3 72 0
44.75 24 1 2 73 0
44.875 24 1 2 73 0
45 24 1 2 73 0
45.125 24 1 2 73 0
45.25 24 1 2 73 0
45.375 24 1 2 73 0
45.5 24 1 2 73 0
45.625 24 1 2 73 0
45.75 24 1 2 73 0
45.875 24 1 2 73 0
46 24 1 2 73 0
46.125 24 0 3 73 0
46.25 24 0 3 73 0
46.375 24 0 3 73 0
46.5 24 0 3 73 0
46.625 24 0 3 73 0
46.75 24 0 3 73 0
46.875 24 0 3 73 0
47 24 0 3 73 0
47.125 24 0 3 73 0
47.25 24 0 3 73 0
47.375 24 0 3 73 0
47.5 24 0 3 73 0
47.625 24 0 3 73 0
47.75 24 0 3 73 0
47.875 24 0 2 74 0
48 24 0 2 74 0
48.125 24 0 2 74 0
48.25 24 0 2 74 0
48.375 24 0 2 74 0
48.5 24 0 2 74 0
48.625 24 0 2 74 0
48.75 24 0 1 75 0
48.875 24 0 1 75 0
49 24 0 1 75 0
49.125 24 0 1 75 0
49.25 24 0 1 75 0
49.375 24 0 1 75 0
49.5 24 0 1 75 0
49.625 24 0 1 75 0
49.75 24 0 0 76 0
