t S E I R D
0 98 0 2 0 0
0.125 97 1 2 0 0
0.25 97 1 2 0 0
0.375 97 1 2 0 0
0.5 97 1 2 0 0
0.625 96 2 2 0 0
0.75 96 2 2 0 0
0.875 96 2 2 0 0
1 96 2 2 0 0
1.125 96 2 2 0 0
1.25 96 2 2 0 0
1.375 96 2 2 0 0
1.5 96 1 3 0 0
1.625 96 1 2 1 0
1.75 96 1 2 1 0
1.875 96 1 2 1 0
2 96 1 2 1 0
2.125 96 1 2 1 0
2.25 96 1 2 1 0
2.375 95 2 2 1 0
2.5 95 2 2 1 0
2.625 95 2 2 1 0
2.75 95 2 2 1 0
2.875 95 2 2 1 0
3 94 3 2 1 0
3.125 94 2 3 1 0
3.25 94 2 3 1 0
3.375 94 2 3 1 0
3.5 93 2 4 1 0
3.625 93 1 5 1 0
3.75 92 2 5 1 0
3.875 90 4 5 1 0
4 90 4 5 1 0
4.125 90 4 5 1 0
4.25 89 5 5 1 0
4.375 89 3 7 1 0
4.5 89 3 7 1 0
4.625 88 2 9 1 0
4.75 87 3 9 1 0
4.875 86 4 9 1 0
5 83 7 9 1 0
5.125 82 8 8 2 0
5.25 81 8 9 2 0
5.375 80 8 10 2 0
5.5 79 8 11 2 0
5.625 79 8 11 2 0
5.75 78 8 12 2 0
5.875 78 8 12 2 0
6 78 8 12 2 0
6.125 78 8 12 2 0
6.25 78 8 11 3 0
6.375 77 9 11 3 0
6.5 77 7 13 3 0
6.625 76 8 13 3 0
6.75 75 9 13 3 0
6.875 75 9 13 3 0
7 74 10 13 3 0
7.125 74 10 13 3 0
7.25 72 11 14 3 0
7.375 72 11 13 4 0
7.5 72 10 14 4 0
7.625 71 11 14 4 0
7.75 71 10 15 4 0
7.875 70 11 15 4 0
8 69 11 15 5 0
8.125 68 11 16 5 0
8.25 67 11 16 6 0
8.375 66 11 17 6 0
8.5 66 11 17 6 0
8.625 65 12 15 8 0
8.75 64 12 16 8 0
8.875 64 10 18 8 0
9 63 9 19 9 0
9.125 62 9 19 10 0
9.25 59 12 19 10 0
9.375 58 13 19 10 0
9.5 57 13 19 11 0
9.625 53 17 19 11 0
9.75 52 18 19 11 0
9.875 52 18 19 11 0
10 52 17 20 11 0
10.125 52 15 22 11 0
10.25 52 15 21 12 0
10.375 51 15 22 12 0
10.5 50 16 22 12 0
10.625 49 17 22 12 0
10.75 47 17 24 12 0
10.875 45 17 25 13 0
11 44 16 27 13 0
11.125 42 17 27 14 0
11.25 42 17 27 14 0
11.375 41 18 27 14 0
11.5 41 18 26 15 0
11.625 39 18 27 16 0
11.75 38 18 28 16 0
11.875 38 17 29 16 0
12 38 16 30 16 0
12.125 38 13 31 18 0
12.25 38 13 31 18 0
12.375 36 14 31 19 0
12.5 33 15 32 20 0
12.625 33 14 33 20 0
12.75 33 12 35 20 0
12.875 32 12 34 22 0
13 31 11 34 24 0
13.125 31 9 36 24 0
13.25 31 9 36 24 0
13.375 31 8 37 24 0
13.5 29 9 37 25 0
13.625 29 8 36 27 0
13.75 29 6 38 27 0
13.875 29 3 41 27 0
14 29 3 39 29 0
14.125 28 3 40 29 0
14.25 27 4 38 31 0
14.375 26 3 39 32 0
14.5 26 3 38 33 0
14.625 26 3 36 35 0
14.75 26 3 35 36 0
14.875 25 4 35 36 0
15 25 3 36 36 0
15.125 25 2 37 36 0
15.25 24 3 37 36 0
15.375 24 2 38 36 0
15.5 24 2 37 37 0
15.625 24 2 37 37 0
15.75 24 2 37 37 0
15.875 24 2 36 38 0
16 24 2 36 38 0
16.125 24 2 35 39 0
16.25 24 2 32 42 0
16.375 24 2 32 42 0
16.5 24 2 32 42 0
16.625 24 2 31 43 0
16.75 24 2 31 43 0
16.875 24 1 32 43 0
17 23 2 32 43 0
17.125 22 3 30 45 0
17.25 21 4 30 45 0
17.375 21 4 30 45 0
17.5 21 4 30 45 0
17.625 19 6 29 46 0
17.75 19 6 29 46 0
17.875 19 5 28 48 0
18 18 5 27 50 0
18.125 18 5 27 50 0
18.25 18 5 26 51 0
18.375 17 6 26 51 0
18.5 17 6 26 51 0
18.625 17 5 26 52 0
18.75 17 5 26 52 0
18.875 17 5 26 52 0
19 17 4 27 52 0
19.125 16 4 27 53 0
19.25 16 4 27 53 0
19.375 16 4 25 55 0
19.5 16 3 26 55 0
19.625 16 3 24 57 0
19.75 16 3 24 57 0
19.875 14 5 24 57 0
20 14 5 23 58 0
20.125 14 5 23 58 0
20.25 13 6 22 59 0
20.375 12 7 22 59 0
20.5 12 7 22 59 0
20.625 11 7 23 59 0
20.75 11 7 20 62 0
20.875 11 7 20 62 0
21 11 7 20 62 0
21.125 11 6 21 62 0
21.25 11 5 22 62 0
21.375 11 5 22 62 0
21.5 11 5 22 62 0
21.625 11 5 22 62 0
21.75 11 5 22 62 0
21.875 11 4 23 62 0
22 11 4 23 62 0
22.125 11 4 22 63 0
22.25 11 4 22 63 0
22.375 11 4 22 63 0
22.5 11 4 21 64 0
22.625 11 4 21 64 0
22.75 11 4 21 64 0
22.875 11 4 21 64 0
23 11 3 22 64 0
23.125 11 3 22 64 0
23.25 11 3 21 65 0
23.375 11 3 21 65 0
23.5 11 3 20 66 0
23.625 11 3 20 66 0
23.75 11 3 20 66 0
23.875 11 3 20 66 0
24 11 3 20 66 0
24.125 11 3 19 67 0
24.25 11 3 19 67 0
24.375 11 3 19 67 0
24.5 11 3 19 67 0
24.625 11 3 18 68 0
24.75 11 2 19 68 0
24.875 11 2 18 69 0
25 10 3 18 69 0
25.125 10 3 17 70 0
25.25 10 2 17 71 0
25.375 10 2 17 71 0
25.5 10 2 17 71 0
25.625 10 2 15 73 0
25.75 9 3 15 73 0
25.875 9 3 15 73 0
26 9 3 15 73 0
26.125 9 3 15 73 0
26.25 9 3 15 73 0
26.375 9 3 15 73 0
26.5 9 3 15 73 0
26.625 9 3 15 73 0
26.75 9 3 15 73 0
26.875 8 4 15 73 0
27 8 4 14 74 0
27.125 7 5 14 74 0
27.25 7 5 14 74 0
27.375 7 3 16 74 0
27.5 7 3 15 75 0
27.625 7 2 16 75 0
27.75 7 2 15 76 0
27.875 7 1 16 76 0
28 7 1 16 76 0
28.125 7 1 16 76 0
28.25 7 1 16 76 0
28.375 7 1 16 76 0
28.5 7 1 16 76 0
28.625 7 1 16 76 0
28.75 7 1 16 76 0
28.875 6 2 16 76 0
29 6 2 16 76 0
29.125 6 2 15 77 0
29.25 6 2 15 77 0
29.375 6 2 15 77 0
29.5 6 1 15 78 0
29.625 6 1 15 78 0
29.75 6 1 14 79 0
29.875 6 1 14 79 0
30 6 1 14 79 0
30.125 6 1 14 79 0
30.25 6 1 14 79 0
30.375 6 0 15 79 0
30.5 5 1 15 79 0
30.625 5 1 15 79 0
30.75 5 1 14 80 0
30.875 5 1 13 81 0
31 5 1 13 81 0
31.125 4 2 13 81 0
31.25 4 2 13 81 0
31.375 4 1 13 82 0
31.5 4 1 13 82 0
31.625 4 1 13 82 0
31.75 4 1 12 83 0
31.875 4 1 12 83 0
32 4 1 11 84 0
32.125 4 1 11 84 0
32.25 4 1 11 84 0
32.375 4 1 11 84 0
32.5 4 1 11 84 0
32.625 4 1 10 85 0
32.75 4 1 9 86 0
32.875 4 1 9 86 0
33 4 1 9 86 0
33.125 4 1 8 87 0
33.25 4 1 8 87 0
33.375 4 1 8 87 0
33.5 4 1 8 87 0
33.625 4 1 8 87 0
33.75 4 1 8 87 0
33.875 4 1 8 87 0
34 4 1 8 87 0
34.125 4 1 8 87 0
34.25 4 1 8 87 0
34.375 4 1 8 87 0
34.5 4 1 8 87 0
34.625 4 1 8 87 0
34.75 4 1 8 87 0
34.875 4 0 9 87 0
35 4 0 9 87 0
35.125 4 0 8 88 0
35.25 4 0 8 88 0
35.375 4 0 8 88 0
35.5 4 0 7 89 0
35.625 4 0 6 90 0
35.75 4 0 6 90 0
35.875 4 0 6 90 0
36 4 0 6 90 0
36.125 4 0 5 91 0
36.25 4 0 5 91 0
36.375 4 0 4 92 0
36.5 4 0 4 92 0
36.625 4 0 4 92 0
36.75 4 0 4 92 0
36.875 4 0 4 92 0
37 3 1 4 92 0
37.125 3 1 4 92 0
37.25 3 1 4 92 0
37.375 3 1 4 92 0
37.5 3 1 4 92 0
37.625 3 1 4 92 0
37.75 3 1 4 92 0
37.875 3 1 4 92 0
38 3 1 4 92 0
38.125 3 1 4 92 0
38.25 3 1 4 92 0
38.375 3 1 3 93 0
38.5 3 1 3 93 0
38.625 3 1 3 93 0
38.75 3 1 3 93 0
38.875 3 1 3 93 0
39 3 1 3 93 0
39.125 3 1 3 93 0
39.25 3 1 2 94 0
39.375 3 1 2 94 0
39.5 3 1 2 94 0
39.625 3 0 3 94 0
39.75 3 0 3 94 0
39.875 3 0 3 94 0
40 3 0 3 94 0
40.125 3 0 3 94 0
40.25 3 0 3 94 0
40.375 3 0 3 94 0
40.5 3 0 3 94 0
40.625 3 0 3 94 0
40.75 3 0 2 95 0
40.875 3 0 2 95 0
41 3 0 2 95 0
41.125 3 0 2 95 0
41.25 3 0 2 95 0
41.375 3 0 2 95 0
41.5 3 0 2 95 0
41.625 3 0 2 95 0
41.75 3 0 2 95 0
41.875 3 0 2 95 0
42 3 0 2 95 0
42.125 3 0 2 95 0
42.25 3 0 2 95 0
42.375 3 0 2 95 0
42.5 3 0 2 95 0
42.625 3 0 2 95 0
42.75 3 0 2 95 0
42.875 3 0 2 95 0
43 3 0 2 95 0
43.125 3 0 2 95 0
43.25 3 0 2 95 0
43.375 3 0 2 95 0
43.5 3 0 2 95 0
43.625 3 0 2 95 0
43.75 3 0 2 95 0
43.875 3 0 2 95 0
44 3 0 1 96 0
44.125 3 0 1 96 0
44.25 3 0 1 96 0
44.375 3 0 1 96 0
44.5 3 0 1 96 0
44.625 3 0 1 96 0
44.75 3 0 1 96 0
44.875 3 0 1 96 0
45 3 0 1 96 0
45.125 3 0 1 96 0
45.25 3 0 1 96 0
45.375 3 0 1 96 0
45.5 3 0 1 96 0
45.625 3 0 1 96 0
45.75 3 0 1 96 0
45.875 3 0 1 96 0
46 3 0 1 96 0
46.125 3 0 1 96 0
46.25 3 0 1 96 0
46.375 3 0 1 96 0
46.5 3 0 1 96 0
46.625 3 0 1 96 0
46.75 3 0 1 96 0
46.875 3 0 1 96 0
47 3 0 1 96 0
47.125 3 0 1 96 0
47.25 3 0 1 96 0
47.375 3 0 1 96 0
47.5 3 0 1 96 0
47.625 3 0 1 96 0
47.75 3 0 1 96 0
47.875 3 0 1 96 0
48 3 0 1 96 0
48.125 3 0 1 96 0
48.25 3 0 1 96 0
48.375 3 0 1 96 0
48.5 3 0 1 96 0
48.625 3 0 1 96 0
48.75 3 0 1 96 0
48.875 3 0 1 96 0
49 3 0 1 96 0
49.125 3 0 1 96 0
49.25 3 0 1 96 0
49.375 3 0 1 96 0
49.5 3 0 1 96 0
49.625 3 0 1 96 0
49.75 3 0 1 96 0
49.875 3 0 1 96 0
50 3 0 1 96 0
50.125 3 0 1 96 0
50.25 3 0 1 96 0
50.375 3 0 1 96 0
50.5 3 0 1 96 0
50.625 3 0 1 96 0
50.75 3 0 1 96 0
50.875 3 0 1 96 0
51 3 0 1 96 0
51.125 3 0 1 96 0
51.25 3 0 1 96 0
51.375 3 0 1 96 0
51.5 3 0 1 96 0
51.625 3 0 1 96 0
51.75 3 0 1 96 0
51.875 3 0 1 96 0
52 3 0 1 96 0
52.125 3 0 1 96 0
52.25 3 0 1 96 0
52.375 3 0 1 96 0
52.5 3 0 1 96 0
52.625 3 0 1 96 0
52.75 3 0 1 96 0
52.875 3 0 1 96 0
53 3 0 1 96 0
53.125 3 0 1 96 0
53.25 3 0 1 96 0
53.375 3 0 1 96 0
53.5 3 0 1 96 0
53.625 3 0 1 96 0
53.75 3 0 1 96 0
53.875 3 0 1 96 0
54 3 0 1 96 0
54.125 3 0 1 96 0
54.25 3 0 1 96 0
54.375 3 0 1 96 0
54.5 3 0 1 96 0
54.625 3 0 1 96 0
54.75 3 0 1 96 0
54.875 3 0 1 96 0
55 3 0 1 96 0
55.125 3 0 1 96 0
55.25 3 0 1 96 0
55.375 3 0 1 96 0
55.5 3 0 1 96 0
55.625 3 0 1 96 0
55.75 3 0 1 96 0
55.875 3 0 1 96 0
56 3 0 1 96 0
56.125 3 0 1 96 0
56.25 3 0 1 96 0
56.375 3 0 1 96 0
56.5 3 0 1 96 0
56.625 3 0 1 96 0
56.75 3 0 1 96 0
56.875 3 0 1 96 0
57 3 0 1 96 0
57.125 3 0 1 96 0
57.25 3 0 1 96 0
57.375 3 0 1 96 0
57.5 3 0 1 96 0
57.625 3 0 1 96 0
57.75 3 0 1 96 0
57.875 3 0 1 96 0
58 3 0 1 96 0
58.125 3 0 1 96 0
58.25 3 0 1 96 0
58.375 3 0 0 97 0
