t S E I R D
0 98 0 2 0 0
0.125 97 1 2 0 0
0.25 97 1 2 0 0
0.375 97 1 2 0 0
0.5 97 1 2 0 0
0.625 96 2 2 0 0
0.75 96 2 2 0 0
0.875 96 2 1 1 0
1 96 2 1 1 0
1.125 96 2 1 1 0
1.25 96 2 1 1 0
1.375 96 2 1 1 0
1.5 96 2 0 2 0
1.625 96 2 0 2 0
1.75 96 2 0 2 0
1.875 96 2 0 2 0
2 96 2 0 2 0
2.125 96 2 0 2 0
2.25 96 1 1 2 0
2.375 96 1 1 2 0
2.5 95 2 1 2 0
2.625 95 2 1 2 0
2.75 95 2 1 2 0
2.875 95 2 1 2 0
3 95 2 1 2 0
3.125 95 2 1 2 0
3.25 95 2 1 2 0
3.375 95 1 2 2 0
3.5 94 2 2 2 0
3.625 93 3 2 2 0
3.75 93 3 2 2 0
3.875 93 3 2 2 0
4 93 1 4 2 0
4.125 93 1 4 2 0
4.25 92 2 4 2 0
4.375 91 3 4 2 0
4.5 90 4 4 2 0
4.625 90 3 5 2 0
4.75 90 3 5 2 0
4.875 89 4 5 2 0
5 88 5 5 2 0
5.125 88 5 5 2 0
5.25 88 4 6 2 0
5.375 87 4 7 2 0
5.5 86 5 7 2 0
5.625 86 4 8 2 0
5.75 85 5 8 2 0
5.875 84 6 7 3 0
6 84 5 7 4 0
6.125 82 7 7 4 0
6.25 82 7 7 4 0
6.375 82 6 8 4 0
6.5 82 5 9 4 0
6.625 79 8 9 4 0
6.75 78 8 10 4 0
6.875 78 7 11 4 0
7 75 10 11 4 0
7.125 74 11 11 4 0
7.25 72 11 13 4 0
7.375 72 11 13 4 0
7.5 71 12 13 4 0
7.625 69 14 12 5 0
7.75 69 13 13 5 0
7.875 69 12 14 5 0
8 69 12 13 6 0
8.125 68 12 13 7 0
8.25 65 13 14 8 0
8.375 65 13 14 8 0
8.5 61 17 14 8 0
8.625 61 15 16 8 0
8.75 60 16 16 8 0
8.875 59 16 16 9 0
9 58 15 18 9 0
9.125 55 16 20 9 0
9.25 54 16 21 9 0
9.375 54 13 24 9 0
9.5 54 13 24 9 0
9.625 51 16 23 10 0
9.75 48 19 22 11 0
9.875 46 19 24 11 0
10 45 19 25 11 0
10.125 44 18 27 11 0
10.25 43 17 29 11 0
10.375 43 15 31 11 0
10.5 43 14 30 13 0
10.625 41 15 31 13 0
10.75 41 14 32 13 0
10.875 39 15 33 13 0
11 36 18 32 14 0
11.125 34 19 32 15 0
11.25 32 20 32 16 0
11.375 32 19 32 17 0
11.5 31 18 32 19 0
11.625 31 18 31 20 0
11.75 30 19 31 20 0
11.875 29 19 32 20 0
12 29 18 32 21 0
12.125 26 21 32 21 0
12.25 26 21 32 21 0
12.375 26 18 32 24 0
12.5 24 19 32 25 0
12.625 23 19 33 25 0
12.75 20 20 35 25 0
12.875 20 19 36 25 0
13 19 17 38 26 0
13.125 19 15 39 27 0
13.25 19 12 42 27 0
13.375 18 12 43 27 0
13.5 17 13 43 27 0
13.625 15 15 42 28 0
13.75 15 13 44 28 0
13.875 15 12 42 31 0
14 15 11 42 32 0
14.125 15 11 42 32 0
14.25 15 11 42 32 0
14.375 14 12 41 33 0
14.5 13 12 41 34 0
14.625 13 12 38 37 0
14.75 13 12 37 38 0
14.875 13 12 36 39 0
15 13 9 36 42 0
15.125 13 8 36 43 0
15.25 13 6 37 44 0
15.375 12 7 36 45 0
15.5 12 6 35 47 0
15.625 12 6 31 51 0
15.75 12 6 31 51 0
15.875 12 4 33 51 0
16 12 2 35 51 0
16.125 10 4 35 51 0
16.25 10 4 33 53 0
16.375 10 4 31 55 0
16.5 10 4 30 56 0
16.625 10 4 26 60 0
16.75 10 4 26 60 0
16.875 10 4 23 63 0
17 10 4 23 63 0
17.125 9 5 23 63 0
17.25 9 3 25 63 0
17.375 9 3 25 63 0
17.5 9 2 26 63 0
17.625 9 2 25 64 0
17.75 9 2 25 64 0
17.875 8 2 26 64 0
18 8 2 26 64 0
18.125 8 2 26 64 0
18.25 8 2 25 65 0
18.375 8 1 26 65 0
18.5 8 1 25 66 0
18.625 8 1 23 68 0
18.75 8 1 22 69 0
18.875 8 0 22 70 0
19 8 0 21 71 0
19.125 8 0 21 71 0
19.25 8 0 21 71 0
19.375 7 1 21 71 0
19.5 6 2 21 71 0
19.625 6 2 21 71 0
19.75 6 2 21 71 0
19.875 6 2 21 71 0
20 6 1 22 71 0
20.125 6 1 22 71 0
20.25 6 1 22 71 0
20.375 6 1 22 71 0
20.5 6 1 21 72 0
20.625 6 1 21 72 0
20.75 6 1 20 73 0
20.875 6 1 18 75 0
21 6 1 18 75 0
21.125 6 0 18 76 0
21.25 6 0 18 76 0
21.375 6 0 17 77 0
21.5 6 0 16 78 0
21.625 5 1 16 78 0
21.75 5 1 15 79 0
21.875 5 1 15 79 0
22 5 1 15 79 0
22.125 5 1 15 79 0
22.25 5 1 15 79 0
22.375 5 1 14 80 0
22.5 5 1 13 81 0
22.625 5 1 12 82 0
22.75 5 1 12 82 0
22.875 5 1 12 82 0
23 5 1 12 82 0
23.125 5 1 12 82 0
23.25 5 1 11 83 0
23.375 5 1 10 84 0
23.5 5 1 9 85 0
23.625 5 0 10 85 0
23.75 5 0 10 85 0
23.875 5 0 10 85 0
24 5 0 10 85 0
24.125 5 0 10 85 0
24.25 5 0 10 85 0
24.375 5 0 10 85 0
24.5 5 0 10 85 0
24.625 5 0 10 85 0
24.75 5 0 9 86 0
24.875 5 0 9 86 0
25 5 0 9 86 0
25.125 5 0 9 86 0
25.25 5 0 9 86 0
25.375 5 0 9 86 0
25.5 4 1 9 86 0
25.625 4 1 9 86 0
25.75 4 1 8 87 0
25.875 4 0 8 88 0
26 4 0 8 88 0
26.125 4 0 8 88 0
26.25 4 0 7 89 0
26.375 4 0 7 89 0
26.5 4 0 7 89 0
26.625 4 0 7 89 0
26.75 4 0 7 89 0
26.875 4 0 7 89 0
27 4 0 7 89 0
27.125 4 0 7 89 0
27.25 4 0 7 89 0
27.375 4 0 7 89 0
27.5 4 0 7 89 0
27.625 4 0 7 89 0
27.75 4 0 7 89 0
27.875 4 0 7 89 0
28 4 0 7 89 0
28.125 4 0 6 90 0
28.25 4 0 6 90 0
28.375 4 0 6 90 0
28.5 4 0 6 90 0
28.625 4 0 6 90 0
28.75 4 0 6 90 0
28.875 4 0 6 90 0
29 4 0 6 90 0
29.125 4 0 6 90 0
29.25 3 1 6 90 0
29.375 3 1 6 90 0
29.5 3 1 6 90 0
29.625 3 1 6 90 0
29.75 3 1 6 90 0
29.875 3 1 6 90 0
30 3 1 6 90 0
30.125 3 1 6 90 0
30.25 3 1 6 90 0
30.375 3 1 6 90 0
30.5 3 1 6 90 0
30.625 3 1 6 90 0
30.75 3 1 6 90 0
30.875 3 1 6 90 0
31 3 1 6 90 0
31.125 3 1 6 90 0
31.25 3 1 6 90 0
31.375 3 1 6 90 0
31.5 3 1 6 90 0
31.625 3 1 6 90 0
31.75 3 0 7 90 0
31.875 3 0 7 90 0
32 3 0 7 90 0
32.125 3 0 7 90 0
32.25 3 0 7 90 0
32.375 3 0 7 90 0
32.5 3 0 7 90 0
32.625 3 0 6 91 0
32.75 3 0 6 91 0
32.875 3 0 6 91 0
33 3 0 6 91 0
33.125 3 0 6 91 0
33.25 3 0 6 91 0
33.375 3 0 6 91 0
33.5 3 0 6 91 0
33.625 3 0 6 91 0
33.75 3 0 6 91 0
33.875 3 0 6 91 0
34 3 0 6 91 0
34.125 3 0 6 91 0
34.25 3 0 6 91 0
34.375 3 0 6 91 0
34.5 3 0 6 91 0
34.625 3 0 6 91 0
34.75 3 0 6 91 0
34.875 3 0 6 91 0
35 3 0 3 94 0
35.125 3 0 3 94 0
35.25 3 0 3 94 0
35.375 3 0 2 95 0
35.5 3 0 2 95 0
35.625 3 0 2 95 0
35.75 3 0 1 96 0
35.875 3 0 1 96 0
36 3 0 1 96 0
36.125 3 0 1 96 0
36.25 3 0 1 96 0
36.375 3 0 1 96 0
36.5 3 0 1 96 0
36.625 3 0 1 96 0
36.75 3 0 1 96 0
36.875 3 0 1 96 0
37 3 0 1 96 0
37.125 3 0 1 96 0
37.25 3 0 1 96 0
37.375 3 0 1 96 0
37.5 3 0 1 96 0
37.625 3 0 1 96 0
37.75 3 0 1 96 0
37.875 3 0 1 96 0
38 3 0 1 96 0
38.125 3 0 1 96 0
38.25 3 0 1 96 0
38.375 3 0 1 96 0
38.5 3 0 1 96 0
38.625 3 0 1 96 0
38.75 3 0 1 96 0
38.875 3 0 1 96 0
39 3 0 1 96 0
39.125 3 0 1 96 0
39.25 3 0 1 96 0
39.375 3 0 1 96 0
39.5 3 0 1 96 0
39.625 3 0 1 96 0
39.75 3 0 1 96 0
39.875 3 0 1 96 0
40 3 0 1 96 0
40.125 3 0 1 96 0
40.25 3 0 1 96 0
40.375 3 0 1 96 0
40.5 3 0 1 96 0
40.625 3 0 1 96 0
40.75 3 0 1 96 0
40.875 3 0 1 96 0
41 3 0 1 96 0
41.125 3 0 1 96 0
41.25 3 0 1 96 0
41.375 3 0 1 96 0
41.5 3 0 1 96 0
41.625 3 0 1 96 0
41.75 3 0 1 96 0
41.875 3 0 1 96 0
42 3 0 1 96 0
42.125 3 0 1 96 0
42.25 3 0 1 96 0
42.375 3 0 1 96 0
42.5 3 0 1 96 0
42.625 3 0 1 96 0
42.75 3 0 1 96 0
42.875 3 0 1 96 0
43 3 0 1 96 0
43.125 3 0 1 96 0
43.25 3 0 1 96 0
43.375 3 0 1 96 0
43.5 3 0 1 96 0
43.625 3 0 1 96 0
43.75 3 0 1 96 0
43.875 3 0 1 96 0
44 3 0 1 96 0
44.125 3 0 1 96 0
44.25 3 0 1 96 0
44.375 3 0 1 96 0
44.5 3 0 1 96 0
44.625 3 0 1 96 0
44.75 3 0 1 96 0
44.875 3 0 1 96 0
45 3 0 1 96 0
45.125 3 0 1 96 0
45.25 3 0 1 96 0
45.375 3 0 1 96 0
45.5 3 0 1 96 0
45.625 3 0 1 96 0
45.75 3 0 1 96 0
45.875 3 0 1 96 0
46 3 0 1 96 0
46.125 3 0 1 96 0
46.25 3 0 1 96 0
46.375 3 0 0 97 0
