t S E I R D
0 98 0 2 0 0
0.125 97 1 2 0 0
0.25 97 1 2 0 0
0.375 97 1 2 0 0
0.5 97 1 2 0 0
0.625 97 1 2 0 0
0.75 97 1 2 0 0
0.875 96 2 2 0 0
1 96 2 2 0 0
1.125 96 2 2 0 0
1.25 96 0 4 0 0
1.375 96 0 4 0 0
1.5 96 0 4 0 0
1.625 96 0 4 0 0
1.75 96 0 4 0 0
1.875 96 0 4 0 0
2 95 1 4 0 0
2.125 94 2 4 0 0
2.25 94 2 3 1 0
2.375 94 2 3 1 0
2.5 94 2 3 1 0
2.625 94 2 3 1 0
2.75 94 2 3 1 0
2.875 94 2 3 1 0
3 94 2 2 2 0
3.125 94 2 2 2 0
3.25 94 2 2 2 0
3.375 92 4 2 2 0
3.5 91 5 2 2 0
3.625 91 5 2 2 0
3.75 91 4 3 2 0
3.875 91 4 3 2 0
4 91 4 3 2 0
4.125 91 4 2 3 0
4.25 90 4 3 3 0
4.375 90 4 3 3 0
4.5 90 4 3 3 0
4.625 89 5 3 3 0
4.75 89 5 3 3 0
4.875 88 6 3 3 0
5 88 5 3 4 0
5.125 87 5 4 4 0
5.25 87 5 4 4 0
5.375 85 7 4 4 0
5.5 84 8 4 4 0
5.625 83 9 4 4 0
5.75 83 9 4 4 0
5.875 83 9 4 4 0
6 83 8 5 4 0
6.125 83 7 6 4 0
6.25 82 8 6 4 0
6.375 80 10 6 4 0
6.5 80 9 7 4 0
6.625 78 11 7 4 0
6.75 78 10 8 4 0
6.875 77 11 8 4 0
7 75 13 8 4 0
7.125 73 15 8 4 0
7.25 73 14 9 4 0
7.375 72 15 9 4 0
7.5 72 13 11 4 0
7.625 72 13 11 4 0
7.75 72 13 11 4 0
7.875 72 12 11 5 0
8 71 13 10 6 0
8.125 71 11 12 6 0
8.25 70 12 12 6 0
8.375 69 13 12 6 0
8.5 66 14 14 6 0
8.625 66 14 13 7 0
8.75 66 14 11 9 0
8.875 65 15 11 9 0
9 65 15 10 10 0
9.125 65 13 11 11 0
9.25 64 14 11 11 0
9.375 63 15 11 11 0
9.5 62 16 11 11 0
9.625 62 14 13 11 0
9.75 62 14 12 12 0
9.875 61 14 13 12 0
10 59 16 13 12 0
10.125 59 16 13 12 0
10.25 57 17 13 13 0
10.375 57 15 15 13 0
10.5 56 14 17 13 0
10.625 55 13 18 14 0
10.75 54 14 18 14 0
10.875 54 13 19 14 0
11 53 13 20 14 0
11.125 53 12 20 15 0
11.25 52 12 21 15 0
11.375 51 12 22 15 0
11.5 51 10 23 16 0
11.625 48 12 23 17 0
11.75 46 14 23 17 0
11.875 45 15 23 17 0
12 44 14 24 18 0
12.125 43 14 23 20 0
12.25 43 12 24 21 0
12.375 43 12 23 22 0
12.5 41 12 25 22 0
12.625 41 11 25 23 0
12.75 41 10 25 24 0
12.875 40 11 25 24 0
13 39 11 26 24 0
13.125 37 11 27 25 0
13.25 36 12 27 25 0
13.375 34 14 25 27 0
13.5 33 14 26 27 0
13.625 31 15 26 28 0
13.75 31 14 27 28 0
13.875 27 17 27 29 0
14 27 17 27 29 0
14.125 25 17 28 30 0
14.25 24 15 30 31 0
14.375 23 16 28 33 0
14.5 23 16 28 33 0
14.625 23 15 28 34 0
14.75 21 13 32 34 0
14.875 21 13 32 34 0
15 20 13 31 36 0
15.125 20 12 32 36 0
15.25 20 12 31 37 0
15.375 20 12 30 38 0
15.5 20 12 29 39 0
15.625 20 12 28 40 0
15.75 20 12 28 40 0
15.875 19 13 27 41 0
16 18 14 27 41 0
16.125 17 15 27 41 0
16.25 16 15 28 41 0
16.375 16 14 29 41 0
16.5 15 14 29 42 0
16.625 15 14 27 44 0
16.75 15 12 29 44 0
16.875 15 11 30 44 0
17 14 11 29 46 0
17.125 12 13 26 49 0
17.25 12 12 26 50 0
17.375 12 10 27 51 0
17.5 12 9 28 51 0
17.625 12 9 27 52 0
17.75 12 9 27 52 0
17.875 11 10 27 52 0
18 11 10 27 52 0
18.125 10 10 28 52 0
18.25 10 10 27 53 0
18.375 10 10 27 53 0
18.5 10 9 28 53 0
18.625 9 9 29 53 0
18.75 9 8 30 53 0
18.875 9 8 30 53 0
19 9 8 28 55 0
19.125 8 7 29 56 0
19.25 8 7 28 57 0
19.375 7 8 28 57 0
19.5 7 8 27 58 0
19.625 7 7 28 58 0
19.75 7 6 29 58 0
19.875 7 6 28 59 0
20 7 5 27 61 0
20.125 7 5 26 62 0
20.25 7 4 27 62 0
20.375 7 4 27 62 0
20.5 7 4 27 62 0
20.625 7 3 28 62 0
20.75 6 4 28 62 0
20.875 6 4 28 62 0
21 5 5 28 62 0
21.125 5 5 28 62 0
21.25 5 4 28 63 0
21.375 5 4 28 63 0
21.5 5 4 28 63 0
21.625 4 5 27 64 0
21.75 4 5 27 64 0
21.875 4 5 26 65 0
22 4 5 26 65 0
22.125 4 5 26 65 0
22.25 4 4 26 66 0
22.375 4 4 26 66 0
22.5 4 4 25 67 0
22.625 4 4 24 68 0
22.75 4 3 25 68 0
22.875 4 2 25 69 0
23 4 2 25 69 0
23.125 4 2 25 69 0
23.25 4 2 25 69 0
23.375 4 2 24 70 0
23.5 4 2 24 70 0
23.625 4 2 24 70 0
23.75 4 1 25 70 0
23.875 4 1 24 71 0
24 4 1 23 72 0
24.125 4 1 22 73 0
24.25 4 1 22 73 0
24.375 4 1 21 74 0
24.5 4 1 21 74 0
24.625 4 1 21 74 0
24.75 4 1 21 74 0
24.875 4 1 21 74 0
25 4 1 21 74 0
25.125 4 1 21 74 0
25.25 4 1 21 74 0
25.375 4 1 21 74 0
25.5 4 1 19 76 0
25.625 4 1 18 77 0
25.75 4 1 17 78 0
25.875 4 1 17 78 0
26 4 1 16 79 0
26.125 4 1 16 79 0
26.25 4 1 16 79 0
26.375 4 0 15 81 0
26.5 4 0 15 81 0
26.625 4 0 15 81 0
26.75 4 0 15 81 0
26.875 4 0 14 82 0
27 4 0 12 84 0
27.125 4 0 12 84 0
27.25 4 0 12 84 0
27.375 4 0 12 84 0
27.5 4 0 12 84 0
27.625 4 0 12 84 0
27.75 4 0 12 84 0
27.875 4 0 12 84 0
28 4 0 12 84 0
28.125 4 0 12 84 0
28.25 4 0 12 84 0
28.375 4 0 12 84 0
28.5 4 0 11 85 0
28.625 4 0 11 85 0
28.75 4 0 11 85 0
28.875 4 0 10 86 0
29 4 0 10 86 0
29.125 4 0 10 86 0
29.25 4 0 9 87 0
29.375 4 0 9 87 0
29.5 4 0 9 87 0
29.625 4 0 9 87 0
29.75 4 0 9 87 0
29.875 4 0 9 87 0
30 4 0 9 87 0
30.125 4 0 9 87 0
30.25 4 0 9 87 0
30.375 4 0 9 87 0
30.5 4 0 8 88 0
30.625 4 0 7 89 0
30.75 4 0 7 89 0
30.875 4 0 6 90 0
31 4 0 4 92 0
31.125 4 0 4 92 0
31.25 4 0 4 92 0
31.375 4 0 4 92 0
31.5 4 0 4 92 0
31.625 4 0 4 92 0
31.75 4 0 4 92 0
31.875 4 0 4 92 0
32 4 0 4 92 0
32.125 4 0 4 92 0
32.25 4 0 4 92 0
32.375 4 0 4 92 0
32.5 4 0 4 92 0
32.625 4 0 4 92 0
32.75 4 0 4 92 0
32.875 4 0 4 92 0
33 4 0 3 93 0
33.125 4 0 3 93 0
33.25 4 0 3 93 0
33.375 4 0 3 93 0
33.5 4 0 3 93 0
33.625 4 0 3 93 0
33.75 4 0 3 93 0
33.875 4 0 3 93 0
34 4 0 3 93 0
34.125 4 0 3 93 0
34.25 4 0 3 93 0
34.375 4 0 3 93 0
34.5 4 0 3 93 0
34.625 4 0 3 93 0
34.75 4 0 3 93 0
34.875 4 0 3 93 0
35 4 0 3 93 0
35.125 4 0 3 93 0
35.25 4 0 3 93 0
35.375 4 0 3 93 0
35.5 4 0 3 93 0
35.625 4 0 3 93 0
35.75 4 0 3 93 0
35.875 4 0 3 93 0
36 4 0 2 94 0
36.125 4 0 2 94 0
36.25 4 0 2 94 0
36.375 4 0 2 94 0
36.5 4 0 2 94 0
36.625 4 0 2 94 0
36.75 4 0 2 94 0
36.875 4 0 2 94 0
37 4 0 2 94 0
37.125 4 0 2 94 0
37.25 4 0 2 94 0
37.375 4 0 2 94 0
37.5 4 0 2 94 0
37.625 4 0 2 94 0
37.75 4 0 2 94 0
37.875 4 0 2 94 0
38 4 0 2 94 0
38.125 4 0 2 94 0
38.25 4 0 2 94 0
38.375 4 0 1 95 0
38.5 4 0 1 95 0
38.625 4 0 1 95 0
38.75 4 0 1 95 0
38.875 4 0 1 95 0
39 4 0 1 95 0
39.125 4 0 1 95 0
39.25 4 0 1 95 0
39.375 4 0 1 95 0
39.5 4 0 1 95 0
39.625 4 0 1 95 0
39.75 4 0 1 95 0
39.875 4 0 1 95 0
40 4 0 1 95 0
40.125 4 0 1 95 0
40.25 4 0 1 95 0
40.375 4 0 1 95 0
40.5 4 0 1 95 0
40.625 4 0 1 95 0
40.75 4 0 1 95 0
40.875 4 0 1 95 0
41 4 0 1 95 0
41.125 4 0 1 95 0
41.25 4 0 1 95 0
41.375 4 0 1 95 0
41.5 4 0 1 95 0
41.625 4 0 1 95 0
41.75 4 0 1 95 0
41.875 4 0 1 95 0
42 4 0 1 95 0
42.125 4 0 1 95 0
42.25 4 0 1 95 0
42.375 4 0 1 95 0
42.5 4 0 1 95 0
42.625 4 0 1 95 0
42.75 4 0 1 95 0
42.875 4 0 1 95 0
43 4 0 1 95 0
43.125 4 0 1 95 0
43.25 4 0 1 95 0
43.375 4 0 1 95 0
43.5 4 0 1 95 0
43.625 4 0 1 95 0
43.75 4 0 1 95 0
43.875 4 0 1 95 0
44 4 0 1 95 0
44.125 4 0 1 95 0
44.25 4 0 1 95 0
44.375 4 0 1 95 0
44.5 4 0 1 95 0
44.625 4 0 1 95 0
44.75 4 0 1 95 0
44.875 4 0 1 95 0
45 4 0 1 95 0
45.125 4 0 1 95 0
45.25 4 0 1 95 0
45.375 4 0 1 95 0
45.5 4 0 1 95 0
45.625 4 0 1 95 0
45.75 4 0 1 95 0
45.875 4 0 1 95 0
46 4 0 1 95 0
46.125 4 0 1 95 0
46.25 4 0 1 95 0
46.375 4 0 1 95 0
46.5 4 0 1 95 0
46.625 4 0 1 95 0
46.75 4 0 1 95 0
46.875 4 0 1 95 0
47 4 0 1 95 0
47.125 4 0 1 95 0
47.25 4 0 1 95 0
47.375 4 0 1 95 0
47.5 4 0 1 95 0
47.625 4 0 1 95 0
47.75 4 0 1 95 0
47.875 4 0 1 95 0
48 4 0 1 95 0
48.125 4 0 1 95 0
48.25 4 0 1 95 0
48.375 4 0 1 95 0
48.5 4 0 1 95 0
48.625 4 0 1 95 0
48.75 4 0 1 95 0
48.875 4 0 1 95 0
49 4 0 1 95 0
49.125 4 0 1 95 0
49.25 4 0 1 95 0
49.375 4 0 1 95 0
49.5 4 0 1 95 0
49.625 4 0 1 95 0
49.75 4 0 1 95 0
49.875 4 0 1 95 0
50 4 0 1 95 0
50.125 4 0 1 95 0
50.25 4 0 1 95 0
50.375 4 0 1 95 0
50.5 4 0 0 96 0
