t S E I R D
0 98 0 2 0 0
0.125 98 0 1 1 0
0.25 98 0 1 1 0
0.375 98 0 1 1 0
0.5 98 0 1 1 0
0.625 98 0 1 1 0
0.75 98 0 1 1 0
0.875 98 0 1 1 0
1 98 0 1 1 0
1.125 98 0 1 1 0
1.25 97 1 1 1 0
1.375 97 1 1 1 0
1.5 96 2 1 1 0
1.625 96 2 1 1 0
1.75 96 2 1 1 0
1.875 95 3 1 1 0
2 95 3 1 1 0
2.125 94 4 1 1 0
2.25 94 3 2 1 0
2.375 93 4 2 1 0
2.5 93 4 1 2 0
2.625 93 4 1 2 0
2.75 93 3 2 2 0
2.875 93 3 2 2 0
3 92 4 2 2 0
3.125 90 6 2 2 0
3.25 89 6 3 2 0
3.375 89 6 3 2 0
3.5 89 6 3 2 0
3.625 89 6 3 2 0
3.75 89 5 4 2 0
3.875 87 7 4 2 0
4 85 9 4 2 0
4.125 85 8 5 2 0
4.25 85 6 7 2 0
4.375 84 7 6 3 0
4.5 83 8 6 3 0
4.625 83 7 5 5 0
4.75 81 8 6 5 0
4.875 81 8 6 5 0
5 81 7 7 5 0
5.125 81 6 8 5 0
5.25 81 5 9 5 0
5.375 79 6 10 5 0
5.5 79 5 11 5 0
5.625 76 8 11 5 0
5.75 76 7 12 5 0
5.875 75 8 12 5 0
6 73 10 12 5 0
6.125 70 13 12 5 0
6.25 70 13 12 5 0
6.375 70 13 12 5 0
6.5 70 13 12 5 0
6.625 70 12 12 6 0
6.75 69 12 13 6 0
6.875 69 12 13 6 0
7 68 12 14 6 0
7.125 67 12 15 6 0
7.25 66 13 14 7 0
7.375 66 13 14 7 0
7.5 64 14 14 8 0
7.625 64 14 14 8 0
7.75 63 15 14 8 0
7.875 63 15 14 8 0
8 63 14 15 8 0
8.125 62 14 16 8 0
8.25 62 12 18 8 0
8.375 62 10 20 8 0
8.5 62 9 20 9 0
8.625 61 8 22 9 0
8.75 61 8 22 9 0
8.875 59 10 21 10 0
9 58 10 22 10 0
9.125 55 13 21 11 0
9.25 53 14 21 12 0
9.375 52 13 23 12 0
9.5 50 15 23 12 0
9.625 50 15 23 12 0
9.75 50 14 24 12 0
9.875 50 13 25 12 0
10 50 12 26 12 0
10.125 49 13 26 12 0
10.25 49 12 27 12 0
10.375 49 11 27 13 0
10.5 49 11 26 14 0
10.625 46 14 26 14 0
10.75 46 12 28 14 0
10.875 46 12 28 14 0
11 46 12 28 14 0
11.125 42 15 27 16 0
11.25 42 14 28 16 0
11.375 40 15 28 17 0
11.5 39 16 28 17 0
11.625 39 15 29 17 0
11.75 39 15 28 18 0
11.875 39 14 29 18 0
12 39 12 31 18 0
12.125 39 10 33 18 0
12.25 39 8 34 19 0
12.375 39 8 34 19 0
12.5 38 9 34 19 0
12.625 38 8 35 19 0
12.75 38 8 35 19 0
12.875 38 8 34 20 0
13 38 8 34 20 0
13.125 38 7 35 20 0
13.25 37 8 34 21 0
13.375 37 8 32 23 0
13.5 36 9 31 24 0
13.625 36 8 32 24 0
13.75 36 7 31 26 0
13.875 36 5 33 26 0
14 36 5 31 28 0
14.125 36 5 31 28 0
14.25 36 5 30 29 0
14.375 36 5 29 30 0
14.5 36 5 29 30 0
14.625 36 4 30 30 0
14.75 36 3 30 31 0
14.875 36 3 29 32 0
15 36 2 28 34 0
15.125 35 3 28 34 0
15.25 34 4 27 35 0
15.375 34 4 26 36 0
15.5 33 5 26 36 0
15.625 32 6 25 37 0
15.75 31 7 24 38 0
15.875 31 6 25 38 0
16 30 6 24 40 0
16.125 29 7 24 40 0
16.25 29 7 24 40 0
16.375 29 6 25 40 0
16.5 29 6 25 40 0
16.625 28 7 24 41 0
16.75 27 6 26 41 0
16.875 27 6 24 43 0
17 27 6 24 43 0
17.125 27 6 23 44 0
17.25 27 6 23 44 0
17.375 27 6 23 44 0
17.5 26 7 23 44 0
17.625 26 5 25 44 0
17.75 26 5 25 44 0
17.875 26 5 25 44 0
18 26 5 25 44 0
18.125 26 5 25 44 0
18.25 26 5 24 45 0
18.375 25 5 25 45 0
18.5 25 4 25 46 0
18.625 24 5 25 46 0
18.75 24 5 25 46 0
18.875 24 5 25 46 0
19 24 4 25 47 0
19.125 23 5 25 47 0
19.25 22 4 27 47 0
19.375 22 3 27 48 0
19.5 21 4 27 48 0
19.625 21 4 26 49 0
19.75 20 5 24 51 0
19.875 20 4 24 52 0
20 20 4 24 52 0
20.125 19 5 24 52 0
20.25 19 5 24 52 0
20.375 19 5 24 52 0
20.5 18 6 23 53 0
20.625 18 6 22 54 0
20.75 18 6 21 55 0
20.875 18 6 21 55 0
21 18 6 21 55 0
21.125 18 6 20 56 0
21.25 18 6 20 56 0
21.375 18 6 19 57 0
21.5 18 6 19 57 0
21.625 18 6 19 57 0
21.75 18 6 18 58 0
21.875 18 5 19 58 0
22 18 4 20 58 0
22.125 18 3 21 58 0
22.25 18 2 21 59 0
22.375 18 2 20 60 0
22.5 18 2 20 60 0
22.625 17 3 20 60 0
22.75 17 3 18 62 0
22.875 17 2 19 62 0
23 17 2 19 62 0
23.125 17 2 19 62 0
23.25 17 2 19 62 0
23.375 17 1 20 62 0
23.5 17 1 20 62 0
23.625 16 2 20 62 0
23.75 16 2 20 62 0
23.875 16 2 19 63 0
24 16 2 19 63 0
24.125 15 3 19 63 0
24.25 15 3 17 65 0
24.375 15 3 16 66 0
24.5 14 4 16 66 0
24.625 14 4 16 66 0
24.75 14 4 15 67 0
24.875 14 4 14 68 0
25 14 4 14 68 0
25.125 14 3 15 68 0
25.25 14 3 14 69 0
25.375 14 2 15 69 0
25.5 14 2 15 69 0
25.625 14 1 16 69 0
25.75 14 1 16 69 0
25.875 14 1 16 69 0
26 14 1 16 69 0
26.125 14 1 14 71 0
26.25 14 1 14 71 0
26.375 14 1 14 71 0
26.5 14 1 13 72 0
26.625 14 1 12 73 0
26.75 14 1 12 73 0
26.875 14 1 12 73 0
27 14 1 12 73 0
27.125 14 1 11 74 0
27.25 14 1 11 74 0
27.375 14 1 11 74 0
27.5 14 1 11 74 0
27.625 14 1 11 74 0
27.75 14 1 11 74 0
27.875 14 1 11 74 0
28 14 1 11 74 0
28.125 14 1 11 74 0
28.25 14 1 11 74 0
28.375 14 1 11 74 0
28.5 14 1 11 74 0
28.625 14 1 10 75 0
28.75 14 1 10 75 0
28.875 14 1 10 75 0
29 14 1 10 75 0
29.125 14 1 10 75 0
29.25 14 1 10 75 0
29.375 14 0 11 75 0
29.5 13 1 11 75 0
29.625 13 1 11 75 0
29.75 13 1 10 76 0
29.875 13 1 8 78 0
30 13 1 8 78 0
30.125 13 0 9 78 0
30.25 13 0 9 78 0
30.375 13 0 9 78 0
30.5 13 0 9 78 0
30.625 13 0 9 78 0
30.75 13 0 9 78 0
30.875 13 0 8 79 0
31 13 0 8 79 0
31.125 13 0 7 80 0
31.25 13 0 7 80 0
31.375 13 0 7 80 0
31.5 13 0 6 81 0
31.625 13 0 6 81 0
31.75 13 0 5 82 0
31.875 13 0 5 82 0
32 13 0 3 84 0
32.125 13 0 3 84 0
32.25 13 0 3 84 0
32.375 13 0 3 84 0
32.5 12 1 3 84 0
32.625 12 1 3 84 0
32.75 12 0 4 84 0
32.875 12 0 4 84 0
33 12 0 4 84 0
33.125 12 0 4 84 0
33.25 12 0 4 84 0
33.375 12 0 4 84 0
33.5 12 0 4 84 0
33.625 12 0 4 84 0
33.75 12 0 4 84 0
33.875 12 0 4 84 0
34 12 0 4 84 0
34.125 12 0 4 84 0
34.25 12 0 4 84 0
34.375 12 0 4 84 0
34.5 12 0 4 84 0
34.625 12 0 4 84 0
34.75 12 0 4 84 0
34.875 12 0 4 84 0
35 12 0 4 84 0
35.125 12 0 4 84 0
35.25 12 0 4 84 0
35.375 12 0 4 84 0
35.5 12 0 4 84 0
35.625 12 0 4 84 0
35.75 12 0 4 84 0
35.875 12 0 4 84 0
36 11 1 4 84 0
36.125 11 1 4 84 0
36.25 11 1 4 84 0
36.375 11 1 3 85 0
36.5 11 1 3 85 0
36.625 11 0 4 85 0
36.75 11 0 4 85 0
36.875 11 0 4 85 0
37 11 0 4 85 0
37.125 11 0 4 85 0
37.25 11 0 4 85 0
37.375 11 0 4 85 0
37.5 11 0 4 85 0
37.625 11 0 4 85 0
37.75 11 0 4 85 0
37.875 11 0 3 86 0
38 11 0 3 86 0
38.125 11 0 3 86 0
38.25 11 0 3 86 0
38.375 11 0 3 86 0
38.5 11 0 3 86 0
38.625 11 0 3 86 0
38.75 11 0 3 86 0
38.875 11 0 3 86 0
39 11 0 3 86 0
39.125 11 0 3 86 0
39.25 11 0 3 86 0
39.375 11 0 3 86 0
39.5 11 0 3 86 0
39.625 11 0 3 86 0
39.75 11 0 3 86 0
39.875 11 0 3 86 0
40 11 0 3 86 0
40.125 11 0 3 86 0
40.25 11 0 3 86 0
40.375 11 0 3 86 0
40.5 11 0 3 86 0
40.625 11 0 3 86 0
40.75 11 0 3 86 0
40.875 11 0 3 86 0
41 11 0 3 86 0
41.125 11 0 3 86 0
41.25 11 0 3 86 0
41.375 11 0 3 86 0
41.5 11 0 3 86 0
41.625 11 0 3 86 0
41.75 11 0 3 86 0
41.875 11 0 3 86 0
42 11 0 3 86 0
42.125 11 0 3 86 0
42.25 11 0 3 86 0
42.375 11 0 3 86 0
42.5 11 0 3 86 0
42.625 11 0 3 86 0
42.75 11 0 3 86 0
42.875 11 0 3 86 0
43 11 0 3 86 0
43.125 11 0 3 86 0
43.25 11 0 3 86 0
43.375 11 0 3 86 0
43.5 11 0 3 86 0
43.625 11 0 3 86 0
43.75 11 0 3 86 0
43.875 11 0 2 87 0
44 11 0 2 87 0
44.125 11 0 2 87 0
44.25 11 0 2 87 0
44.375 11 0 2 87 0
44.5 11 0 2 87 0
44.625 11 0 2 87 0
44.75 11 0 2 87 0
44.875 11 0 2 87 0
45 11 0 2 87 0
45.125 11 0 2 87 0
45.25 11 0 2 87 0
45.375 11 0 2 87 0
45.5 11 0 2 87 0
45.625 11 0 2 87 0
45.75 11 0 2 87 0
45.875 11 0 2 87 0
46 11 0 2 87 0
46.125 11 0 2 87 0
46.25 11 0 2 87 0
46.375 11 0 2 87 0
46.5 11 0 2 87 0
46.625 11 0 2 87 0
46.75 11 0 2 87 0
46.875 11 0 2 87 0
47 11 0 2 87 0
47.125 11 0 2 87 0
47.25 11 0 2 87 0
47.375 11 0 2 87 0
47.5 11 0 1 88 0
47.625 11 0 1 88 0
47.75 11 0 1 88 0
47.875 11 0 1 88 0
48 11 0 1 88 0
48.125 11 0 1 88 0
48.25 11 0 1 88 0
48.375 11 0 1 88 0
48.5 11 0 1 88 0
48.625 11 0 1 88 0
48.75 11 0 1 88 0
48.875 11 0 1 88 0
49 11 0 1 88 0
49.125 11 0 1 88 0
49.25 11 0 1 88 0
49.375 11 0 1 88 0
49.5 11 0 1 88 0
49.625 11 0 1 88 0
49.75 11 0 1 88 0
49.875 11 0 1 88 0
50 11 0 1 88 0
50.125 11 0 1 88 0
50.25 11 0 1 88 0
50.375 11 0 1 88 0
50.5 11 0 1 88 0
50.625 11 0 1 88 0
50.75 11 0 1 88 0
50.875 11 0 1 88 0
51 11 0 1 88 0
51.125 11 0 1 88 0
51.25 11 0 1 88 0
51.375 11 0 1 88 0
51.5 11 0 1 88 0
51.625 11 0 1 88 0
51.75 11 0 1 88 0
51.875 11 0 1 88 0
52 11 0 1 88 0
52.125 11 0 1 88 0
52.25 11 0 1 88 0
52.375 11 0 1 88 0
52.5 11 0 1 88 0
52.625 11 0 1 88 0
52.75 11 0 1 88 0
52.875 11 0 1 88 0
53 11 0 1 88 0
53.125 11 0 1 88 0
53.25 11 0 1 88 0
53.375 11 0 1 88 0
53.5 11 0 1 88 0
53.625 11 0 1 88 0
53.75 11 0 1 88 0
53.875 11 0 1 88 0
54 11 0 1 88 0
54.125 11 0 1 88 0
54.25 11 0 1 88 0
54.375 11 0 1 88 0
54.5 11 0 1 88 0
54.625 11 0 1 88 0
54.75 11 0 1 88 0
54.875 11 0 1 88 0
55 11 0 1 88 0
55.125 11 0 1 88 0
55.25 11 0 0 89 0
