t S E I R D
0 98 0 2 0 0
0.125 97 1 1 1 0
0.25 96 2 1 1 0
0.375 96 2 1 1 0
0.5 96 2 1 1 0
0.625 96 2 1 1 0
0.75 96 1 2 1 0
0.875 96 1 2 1 0
1 96 1 2 1 0
1.125 96 1 2 1 0
1.25 96 1 2 1 0
1.375 96 1 2 1 0
1.5 96 0 3 1 0
1.625 96 0 3 1 0
1.75 95 1 3 1 0
1.875 95 1 3 1 0
2 95 1 3 1 0
2.125 94 2 3 1 0
2.25 93 3 3 1 0
2.375 93 3 3 1 0
2.5 93 3 2 2 0
2.625 93 3 2 2 0
2.75 92 4 2 2 0
2.875 92 4 2 2 0
3 92 4 1 3 0
3.125 92 3 2 3 0
3.25 91 4 2 3 0
3.375 91 4 2 3 0
3.5 91 4 2 3 0
3.625 91 4 2 3 0
3.75 91 4 2 3 0
3.875 90 5 2 3 0
4 90 5 2 3 0
4.125 90 4 3 3 0
4.25 90 4 3 3 0
4.375 90 4 3 3 0
4.5 90 4 2 4 0
4.625 90 4 2 4 0
4.75 90 4 2 4 0
4.875 89 4 3 4 0
5 89 4 3 4 0
5.125 89 2 5 4 0
5.25 88 3 5 4 0
5.375 88 3 5 4 0
5.5 88 2 6 4 0
5.625 88 2 5 5 0
5.75 87 2 6 5 0
5.875 87 2 6 5 0
6 87 2 6 5 0
6.125 87 2 6 5 0
6.25 86 3 6 5 0
6.375 86 3 6 5 0
6.5 86 2 7 5 0
6.625 85 3 7 5 0
6.75 83 5 6 6 0
6.875 83 5 6 6 0
7 82 6 6 6 0
7.125 82 6 6 6 0
7.25 82 6 6 6 0
7.375 80 8 6 6 0
7.5 80 8 6 6 0
7.625 80 8 6 6 0
7.75 79 9 6 6 0
7.875 78 8 8 6 0
8 77 9 8 6 0
8.125 76 9 9 6 0
8.25 76 7 11 6 0
8.375 76 6 12 6 0
8.5 74 8 12 6 0
8.625 72 7 15 6 0
8.75 71 8 15 6 0
8.875 70 8 16 6 0
9 69 9 16 6 0
9.125 68 10 16 6 0
9.25 66 11 17 6 0
9.375 65 12 17 6 0
9.5 64 11 18 7 0
9.625 64 9 20 7 0
9.75 60 12 21 7 0
9.875 56 15 20 9 0
10 55 14 22 9 0
10.125 54 15 22 9 0
10.25 54 15 20 11 0
10.375 53 14 22 11 0
10.5 52 14 23 11 0
10.625 51 15 23 11 0
10.75 51 15 23 11 0
10.875 47 19 23 11 0
11 47 19 23 11 0
11.125 45 20 24 11 0
11.25 45 18 26 11 0
11.375 43 19 25 13 0
11.5 43 19 25 13 0
11.625 41 19 27 13 0
11.75 41 19 27 13 0
11.875 41 17 29 13 0
12 41 15 30 14 0
12.125 40 15 31 14 0
12.25 38 16 32 14 0
12.375 36 18 32 14 0
12.5 35 18 31 16 0
12.625 34 17 33 16 0
12.75 33 16 35 16 0
12.875 33 16 35 16 0
13 31 18 34 17 0
13.125 29 20 34 17 0
13.25 29 19 34 18 0
13.375 26 21 35 18 0
13.5 26 21 34 19 0
13.625 25 20 36 19 0
13.75 24 20 36 20 0
13.875 23 18 38 21 0
14 22 17 39 21 1
14.125 22 15 40 22 1
14.25 22 14 40 23 1
14.375 22 13 41 23 1
14.5 22 12 42 23 1
14.625 22 10 44 23 1
14.75 22 9 43 25 1
14.875 22 9 42 26 1
15 22 9 42 26 1
15.125 22 7 43 27 1
15.25 22 5 45 27 1
15.375 22 4 45 28 1
15.5 22 4 42 31 1
15.625 22 4 41 32 1
15.75 22 4 41 32 1
15.875 22 4 40 33 1
16 22 4 38 35 1
16.125 22 4 38 35 1
16.25 22 4 38 35 1
16.375 22 4 38 35 1
16.5 22 3 38 36 1
16.625 22 3 37 37 1
16.75 22 3 37 37 1
16.875 22 3 37 37 1
17 22 3 36 38 1
17.125 22 3 35 39 1
17.25 22 2 36 39 1
17.375 22 2 35 40 1
17.5 22 2 35 40 1
17.625 22 2 34 41 1
17.75 22 2 32 43 1
17.875 22 2 32 43 1
18 22 2 32 43 1
18.125 22 2 31 44 1
18.25 22 2 30 45 1
18.375 22 2 28 47 1
18.5 22 2 27 48 1
18.625 22 2 27 48 1
18.75 22 2 27 48 1
18.875 22 2 25 50 1
19 22 2 25 50 1
19.125 22 2 23 52 1
19.25 22 2 23 52 1
19.375 22 2 23 52 1
19.5 22 1 24 52 1
19.625 22 1 23 53 1
19.75 22 1 22 54 1
19.875 22 1 22 54 1
20 22 1 22 54 1
20.125 22 1 21 55 1
20.25 22 1 21 55 1
20.375 22 1 20 56 1
20.5 22 1 20 56 1
20.625 22 1 20 56 1
20.75 22 1 20 56 1
20.875 22 1 19 57 1
21 22 1 18 58 1
21.125 22 1 16 60 1
21.25 22 1 15 61 1
21.375 22 1 15 61 1
21.5 22 1 14 62 1
21.625 22 1 13 63 1
21.75 22 1 13 63 1
21.875 22 1 11 65 1
22 22 1 10 66 1
22.125 22 1 10 66 1
22.25 22 1 9 67 1
22.375 22 1 8 68 1
22.5 22 1 8 68 1
22.625 22 1 8 68 1
22.75 22 1 8 68 1
22.875 22 1 8 68 1
23 22 1 7 69 1
23.125 22 1 7 69 1
23.25 22 1 7 69 1
23.375 22 1 7 69 1
23.5 22 1 6 70 1
23.625 22 1 6 70 1
23.75 22 1 6 70 1
23.875 22 1 6 70 1
24 22 1 6 70 1
24.125 22 1 6 70 1
24.25 22 1 6 70 1
24.375 22 1 6 70 1
24.5 22 1 6 70 1
24.625 22 1 6 70 1
24.75 22 1 6 70 1
24.875 22 1 6 70 1
25 22 1 5 71 1
25.125 22 1 5 71 1
25.25 22 1 5 71 1
25.375 22 1 5 71 1
25.5 22 1 4 72 1
25.625 22 1 4 72 1
25.75 22 1 4 72 1
25.875 22 1 4 72 1
26 22 1 4 72 1
26.125 22 1 4 72 1
26.25 22 1 4 72 1
26.375 22 1 3 73 1
26.5 22 1 3 73 1
26.625 22 1 3 73 1
26.75 22 1 3 73 1
26.875 22 1 3 73 1
27 22 0 4 73 1
27.125 22 0 3 74 1
27.25 22 0 3 74 1
27.375 22 0 3 74 1
27.5 22 0 3 74 1
27.625 22 0 3 74 1
27.75 22 0 3 74 1
27.875 22 0 3 74 1
28 22 0 3 74 1
28.125 22 0 3 74 1
28.25 22 0 2 75 1
28.375 22 0 2 75 1
28.5 22 0 2 75 1
28.625 22 0 2 75 1
28.75 22 0 1 76 1
28.875 22 0 1 76 1
29 22 0 1 76 1
29.125 22 0 1 76 1
29.25 22 0 1 76 1
29.375 22 0 1 76 1
29.5 22 0 1 76 1
29.625 22 0 1 76 1
29.75 22 0 1 76 1
29.875 22 0 1 76 1
30 22 0 1 76 1
30.125 22 0 1 76 1
30.25 22 0 1 76 1
30.375 22 0 1 76 1
30.5 22 0 1 76 1
30.625 22 0 1 76 1
30.75 22 0 1 76 1
30.875 22 0 1 76 1
31 22 0 0 77 1
