t S E I R D
0 98 0 2 0 0
0.125 97 1 2 0 0
0.25 96 2 2 0 0
0.375 95 3 2 0 0
0.5 95 3 2 0 0
0.625 95 3 2 0 0
0.75 95 3 2 0 0
0.875 95 2 3 0 0
1 95 2 3 0 0
1.125 94 3 3 0 0
1.25 94 3 3 0 0
1.375 94 3 3 0 0
1.5 94 2 4 0 0
1.625 93 3 3 1 0
1.75 93 3 3 1 0
1.875 93 3 3 1 0
2 93 3 3 1 0
2.125 93 3 3 1 0
2.25 93 2 4 1 0
2.375 93 2 4 1 0
2.5 92 3 3 2 0
2.625 92 3 3 2 0
2.75 92 3 3 2 0
2.875 92 2 4 2 0
3 92 2 4 2 0
3.125 92 2 4 2 0
3.25 92 2 4 2 0
3.375 92 1 5 2 0
3.5 92 1 5 2 0
3.625 91 2 5 2 0
3.75 91 2 5 2 0
3.875 89 3 6 2 0
4 89 3 5 3 0
4.125 88 4 5 3 0
4.25 88 4 5 3 0
4.375 88 4 5 3 0
4.5 88 3 5 4 0
4.625 88 2 5 5 0
4.75 88 2 5 5 0
4.875 88 2 5 5 0
5 88 2 5 5 0
5.125 88 2 5 5 0
5.25 88 1 6 5 0
5.375 88 1 6 5 0
5.5 86 3 6 5 0
5.625 83 6 6 5 0
5.75 83 6 6 5 0
5.875 82 7 6 5 0
6 80 9 6 5 0
6.125 80 9 6 5 0
6.25 80 9 6 5 0
6.375 80 7 8 5 0
6.5 80 6 9 5 0
6.625 77 8 10 5 0
6.75 77 6 12 5 0
6.875 75 8 12 5 0
7 74 9 12 5 0
7.125 73 10 12 5 0
7.25 72 10 13 5 0
7.375 70 11 14 5 0
7.5 69 12 14 5 0
7.625 69 11 14 6 0
7.75 67 12 14 7 0
7.875 63 16 14 7 0
8 62 16 15 7 0
8.125 61 17 15 7 0
8.25 60 17 16 7 0
8.375 57 19 17 7 0
8.5 57 18 18 7 0
8.625 57 18 16 9 0
8.75 57 17 16 10 0
8.875 56 18 16 10 0
9 56 16 18 10 0
9.125 55 17 18 10 0
9.25 55 16 19 10 0
9.375 55 16 18 11 0
9.5 55 15 19 11 0
9.625 55 14 20 11 0
9.75 54 15 20 11 0
9.875 54 15 20 11 0
10 53 14 20 13 0
10.125 52 13 22 13 0
10.25 51 13 23 13 0
10.375 51 12 23 14 0
10.5 51 11 24 14 0
10.625 51 10 23 16 0
10.75 51 10 22 17 0
10.875 51 9 22 18 0
11 50 10 21 19 0
11.125 50 8 22 20 0
11.25 49 9 21 21 0
11.375 49 9 21 21 0
11.5 49 9 21 21 0
11.625 48 10 21 21 0
11.75 47 10 22 21 0
11.875 46 11 22 21 0
12 45 11 21 23 0
12.125 44 12 20 24 0
12.25 44 12 19 25 0
12.375 42 11 22 25 0
12.5 42 11 22 25 0
12.625 42 10 23 25 0
12.75 42 8 25 25 0
12.875 41 9 23 27 0
13 41 7 24 28 0
13.125 40 8 23 29 0
13.25 40 7 24 29 0
13.375 39 8 24 29 0
13.5 38 8 24 30 0
13.625 38 8 24 30 0
13.75 38 7 24 31 0
13.875 38 6 24 32 0
14 37 6 24 33 0
14.125 37 6 24 33 0
14.25 37 6 24 33 0
14.375 34 9 23 34 0
14.5 34 9 23 34 0
14.625 34 9 23 34 0
14.75 34 8 23 35 0
14.875 34 7 24 35 0
15 34 7 24 35 0
15.125 32 9 24 35 0
15.25 31 9 25 35 0
15.375 31 9 25 35 0
15.5 31 7 26 36 0
15.625 28 9 27 36 0
15.75 28 9 26 37 0
15.875 28 8 27 37 0
16 28 8 26 38 0
16.125 28 7 26 39 0
16.25 27 7 27 39 0
16.375 27 7 27 39 0
16.5 27 7 26 40 0
16.625 27 7 25 41 0
16.75 26 7 26 41 0
16.875 26 7 26 41 0
17 26 6 27 41 0
17.125 26 6 26 42 0
17.25 26 6 24 44 0
17.375 26 6 23 45 0
17.5 26 6 21 47 0
17.625 26 6 20 48 0
17.75 25 7 19 49 0
17.875 25 7 19 49 0
18 25 7 19 49 0
18.125 25 7 19 49 0
18.25 24 8 19 49 0
18.375 24 7 20 49 0
18.5 24 5 21 50 0
18.625 23 6 21 50 0
18.75 23 6 21 50 0
18.875 22 7 21 50 0
19 22 7 20 51 0
19.125 21 7 21 51 0
19.25 21 7 21 51 0
19.375 21 7 20 52 0
19.5 21 6 21 52 0
19.625 21 5 22 52 0
19.75 21 4 23 52 0
19.875 21 4 23 52 0
20 21 4 23 52 0
20.125 21 4 23 52 0
20.25 21 4 23 52 0
20.375 20 5 22 53 0
20.5 20 5 20 55 0
20.625 20 3 22 55 0
20.75 19 4 22 55 0
20.875 19 4 22 55 0
21 18 5 22 55 0
21.125 18 5 20 57 0
21.25 18 5 20 57 0
21.375 18 5 19 58 0
21.5 18 5 19 58 0
21.625 18 4 20 58 0
21.75 17 5 20 58 0
21.875 17 5 20 58 0
22 17 5 20 58 0
22.125 17 5 20 58 0
22.25 17 5 20 58 0
22.375 17 4 21 58 0
22.5 17 4 21 58 0
22.625 17 4 21 58 0
22.75 17 4 21 58 0
22.875 17 4 21 58 0
23 17 4 21 58 0
23.125 17 4 20 59 0
23.25 17 3 21 59 0
23.375 17 3 20 60 0
23.5 17 3 19 61 0
23.625 17 2 19 62 0
23.75 17 2 19 62 0
23.875 17 2 19 62 0
24 17 2 19 62 0
24.125 17 2 18 63 0
24.25 17 2 18 63 0
24.375 17 2 17 64 0
24.5 17 2 17 64 0
24.625 17 2 17 64 0
24.75 16 3 15 66 0
24.875 16 3 15 66 0
25 16 3 15 66 0
25.125 15 4 15 66 0
25.25 15 4 15 66 0
25.375 15 4 15 66 0
25.5 15 3 16 66 0
25.625 15 3 16 66 0
25.75 15 3 16 66 0
25.875 15 3 16 66 0
26 15 3 16 66 0
26.125 15 3 16 66 0
26.25 15 3 13 69 0
26.375 15 3 13 69 0
26.5 15 3 13 69 0
26.625 15 3 13 69 0
26.75 15 3 12 70 0
26.875 15 3 11 71 0
27 15 3 11 71 0
27.125 13 4 12 71 0
27.25 13 4 11 72 0
27.375 13 4 10 73 0
27.5 13 4 10 73 0
27.625 13 3 11 73 0
27.75 13 3 11 73 0
27.875 13 3 11 73 0
28 13 3 11 73 0
28.125 13 3 11 73 0
28.25 13 2 11 74 0
28.375 13 2 11 74 0
28.5 13 2 9 76 0
28.625 13 2 9 76 0
28.75 13 2 9 76 0
28.875 13 2 9 76 0
29 13 2 9 76 0
29.125 13 2 9 76 0
29.25 13 2 8 77 0
29.375 13 1 9 77 0
29.5 12 2 9 77 0
29.625 12 2 9 77 0
29.75 12 2 9 77 0
29.875 12 2 9 77 0
30 12 2 8 78 0
30.125 12 2 8 78 0
30.25 12 2 8 78 0
30.375 12 2 7 79 0
30.5 12 2 7 79 0
30.625 12 2 7 79 0
30.75 12 2 6 80 0
30.875 12 2 6 80 0
31 11 3 6 80 0
31.125 11 2 7 80 0
31.25 11 2 7 80 0
31.375 11 2 7 80 0
31.5 11 2 7 80 0
31.625 11 2 7 80 0
31.75 11 2 7 80 0
31.875 11 2 6 81 0
32 11 2 6 81 0
32.125 11 2 5 82 0
32.25 11 2 5 82 0
32.375 11 2 5 82 0
32.5 11 2 5 82 0
32.625 11 1 6 82 0
32.75 11 1 6 82 0
32.875 11 1 5 83 0
33 11 1 5 83 0
33.125 11 1 5 83 0
33.25 11 1 5 83 0
33.375 11 1 5 83 0
33.5 11 1 5 83 0
33.625 11 1 5 83 0
33.75 11 1 5 83 0
33.875 11 1 5 83 0
34 11 1 5 83 0
34.125 11 1 5 83 0
34.25 11 1 5 83 0
34.375 11 1 5 83 0
34.5 11 1 5 83 0
34.625 11 1 5 83 0
34.75 11 1 5 83 0
34.875 11 1 4 84 0
35 11 1 4 84 0
35.125 11 1 4 84 0
35.25 11 1 4 84 0
35.375 11 1 4 84 0
35.5 11 1 4 84 0
35.625 11 1 4 84 0
35.75 11 1 4 84 0
35.875 11 1 4 84 0
36 11 1 4 84 0
36.125 11 1 4 84 0
36.25 11 1 4 84 0
36.375 11 1 4 84 0
36.5 11 1 4 84 0
36.625 11 1 3 85 0
36.75 11 1 3 85 0
36.875 11 1 3 85 0
37 11 1 3 85 0
37.125 11 1 3 85 0
37.25 11 1 3 85 0
37.375 11 1 3 85 0
37.5 11 1 2 86 0
37.625 11 1 2 86 0
37.75 11 1 2 86 0
37.875 11 1 2 86 0
38 11 1 2 86 0
38.125 11 1 2 86 0
38.25 11 1 2 86 0
38.375 11 1 2 86 0
38.5 11 1 2 86 0
38.625 11 1 2 86 0
38.75 11 1 2 86 0
38.875 11 1 2 86 0
39 11 1 2 86 0
39.125 11 1 2 86 0
39.25 11 1 2 86 0
39.375 11 1 2 86 0
39.5 11 1 2 86 0
39.625 11 1 2 86 0
39.75 11 1 2 86 0
39.875 11 1 2 86 0
40 11 1 2 86 0
40.125 11 1 2 86 0
40.25 11 1 2 86 0
40.375 11 1 2 86 0
40.5 11 1 2 86 0
40.625 11 1 2 86 0
40.75 11 1 2 86 0
40.875 11 1 2 86 0
41 11 1 2 86 0
41.125 11 1 2 86 0
41.25 11 1 2 86 0
41.375 11 1 2 86 0
41.5 11 1 2 86 0
41.625 11 1 2 86 0
41.75 11 0 3 86 0
41.875 11 0 3 86 0
42 11 0 3 86 0
42.125 11 0 3 86 0
42.25 11 0 3 86 0
42.375 11 0 3 86 0
42.5 11 0 3 86 0
42.625 11 0 3 86 0
42.75 11 0 3 86 0
42.875 11 0 3 86 0
43 11 0 3 86 0
43.125 11 0 3 86 0
43.25 11 0 3 86 0
43.375 11 0 3 86 0
43.5 11 0 3 86 0
43.625 11 0 3 86 0
43.75 11 0 3 86 0
43.875 11 0 3 86 0
44 11 0 3 86 0
44.125 11 0 3 86 0
44.25 11 0 3 86 0
44.375 11 0 3 86 0
44.5 11 0 3 86 0
44.625 11 0 3 86 0
44.75 11 0 2 87 0
44.875 11 0 2 87 0
45 11 0 2 87 0
45.125 11 0 2 87 0
45.25 11 0 2 87 0
45.375 11 0 2 87 0
45.5 11 0 2 87 0
45.625 11 0 2 87 0
45.75 11 0 1 88 0
45.875 11 0 1 88 0
46 11 0 1 88 0
46.125 11 0 1 88 0
46.25 11 0 1 88 0
46.375 11 0 1 88 0
46.5 11 0 1 88 0
46.625 11 0 1 88 0
46.75 11 0 1 88 0
46.875 11 0 1 88 0
47 11 0 1 88 0
47.125 11 0 1 88 0
47.25 11 0 1 88 0
47.375 11 0 1 88 0
47.5 11 0 1 88 0
47.625 11 0 1 88 0
47.75 11 0 1 88 0
47.875 11 0 1 88 0
48 11 0 0 89 0
