t S E I R D
0 98 0 2 0 0
0.125 97 1 2 0 0
0.25 96 2 2 0 0
0.375 96 2 2 0 0
0.5 96 2 2 0 0
0.625 96 2 2 0 0
0.75 96 2 2 0 0
0.875 96 2 2 0 0
1 96 2 2 0 0
1.125 95 3 2 0 0
1.25 95 2 3 0 0
1.375 95 2 3 0 0
1.5 95 2 3 0 0
1.625 94 3 3 0 0
1.75 93 3 4 0 0
1.875 93 3 4 0 0
2 93 1 6 0 0
2.125 93 1 6 0 0
2.25 91 3 5 1 0
2.375 90 4 5 1 0
2.5 90 4 5 1 0
2.625 89 5 4 2 0
2.75 89 5 4 2 0
2.875 89 5 4 2 0
3 89 4 5 2 0
3.125 89 4 5 2 0
3.25 89 4 5 2 0
3.375 88 5 5 2 0
3.5 88 5 5 2 0
3.625 88 5 5 2 0
3.75 86 7 5 2 0
3.875 86 6 5 3 0
4 85 7 4 4 0
4.125 83 9 4 4 0
4.25 83 7 6 4 0
4.375 82 7 6 5 0
4.5 81 8 6 5 0
4.625 78 10 6 6 0
4.75 77 11 6 6 0
4.875 75 13 6 6 0
5 75 11 8 6 0
5.125 75 10 9 6 0
5.25 74 9 11 6 0
5.375 74 9 11 6 0
5.5 74 8 12 6 0
5.625 71 9 14 6 0
5.75 66 14 14 6 0
5.875 65 15 13 7 0
6 64 16 13 7 0
6.125 63 17 13 7 0
6.25 63 16 14 7 0
6.375 62 17 14 7 0
6.5 62 15 16 7 0
6.625 60 17 16 7 0
6.75 59 17 16 8 0
6.875 59 15 18 8 0
7 56 18 18 8 0
7.125 56 16 20 8 0
7.25 54 17 19 10 0
7.375 53 17 19 11 0
7.5 52 17 20 11 0
7.625 52 16 20 12 0
7.75 52 16 20 12 0
7.875 51 16 21 12 0
8 51 14 23 12 0
8.125 50 14 24 12 0
8.25 46 17 25 12 0
8.375 46 15 27 12 0
8.5 45 14 28 13 0
8.625 44 15 28 13 0
8.75 43 15 28 14 0
8.875 43 14 29 14 0
9 42 15 29 14 0
9.125 41 15 28 16 0
9.25 41 13 30 16 0
9.375 40 12 31 17 0
9.5 40 11 32 17 0
9.625 39 11 33 17 0
9.75 37 13 33 17 0
9.875 36 14 33 17 0
10 35 13 34 18 0
10.125 34 13 34 19 0
10.25 34 13 33 20 0
10.375 34 13 31 22 0
10.5 34 13 31 22 0
10.625 32 14 29 25 0
10.75 32 12 31 25 0
10.875 31 12 30 27 0
11 29 12 32 27 0
11.125 27 12 33 28 0
11.25 27 12 33 28 0
11.375 27 12 33 28 0
11.5 26 13 33 28 0
11.625 24 15 32 29 0
11.75 24 15 30 31 0
11.875 24 13 32 31 0
12 24 13 31 32 0
12.125 23 14 30 33 0
12.25 22 15 30 33 0
12.375 21 16 30 33 0
12.5 20 15 31 34 0
12.625 20 13 33 34 0
12.75 20 10 36 34 0
12.875 19 11 36 34 0
13 19 10 35 36 0
13.125 19 10 35 36 0
13.25 19 10 34 37 0
13.375 19 9 35 37 0
13.5 18 10 35 37 0
13.625 18 10 34 38 0
13.75 18 9 34 39 0
13.875 18 7 35 40 0
14 18 7 35 40 0
14.125 18 6 35 41 0
14.25 18 6 33 43 0
14.375 18 6 32 44 0
14.5 17 7 31 45 0
14.625 17 7 30 46 0
14.75 16 7 30 47 0
14.875 16 7 29 48 0
15 16 7 27 50 0
15.125 16 6 28 50 0
15.25 16 5 29 50 0
15.375 16 5 29 50 0
15.5 15 6 29 50 0
15.625 15 6 29 50 0
15.75 15 5 30 50 0
15.875 14 6 30 50 0
16 13 7 30 50 0
16.125 12 6 31 51 0
16.25 12 6 31 51 0
16.375 12 4 32 52 0
16.5 12 3 33 52 0
16.625 12 3 32 53 0
16.75 12 3 29 56 0
16.875 12 2 30 56 0
17 12 2 30 56 0
17.125 12 2 27 59 0
17.25 12 2 26 60 0
17.375 12 2 26 60 0
17.5 12 2 26 60 0
17.625 12 2 25 61 0
17.75 12 2 25 61 0
17.875 12 2 25 61 0
18 12 2 24 62 0
18.125 12 1 24 63 0
18.25 12 1 24 63 0
18.375 12 1 24 63 0
18.5 12 1 23 64 0
18.625 12 1 22 65 0
18.75 12 1 22 65 0
18.875 12 1 22 65 0
19 12 1 22 65 0
19.125 11 2 21 66 0
19.25 11 2 21 66 0
19.375 11 2 21 66 0
19.5 11 1 22 66 0
19.625 11 1 22 66 0
19.75 11 1 22 66 0
19.875 11 1 20 68 0
20 11 1 20 68 0
20.125 10 2 20 68 0
20.25 10 2 20 68 0
20.375 10 2 20 68 0
20.5 10 2 20 68 0
20.625 10 2 20 68 0
20.75 10 2 20 68 0
20.875 10 2 19 69 0
21 9 3 18 70 0
21.125 9 3 18 70 0
21.25 9 3 18 70 0
21.375 9 3 18 70 0
21.5 9 3 18 70 0
21.625 9 3 18 70 0
21.75 9 3 18 70 0
21.875 9 3 18 70 0
22 9 3 17 71 0
22.125 9 3 16 72 0
22.25 9 3 16 72 0
22.375 9 3 15 73 0
22.5 9 3 15 73 0
22.625 9 2 16 73 0
22.75 9 2 16 73 0
22.875 9 2 15 74 0
23 9 1 16 74 0
23.125 8 2 15 75 0
23.25 8 2 15 75 0
23.375 8 2 15 75 0
23.5 8 2 15 75 0
23.625 7 3 14 76 0
23.75 7 2 14 77 0
23.875 7 2 13 78 0
24 7 2 13 78 0
24.125 7 2 13 78 0
24.25 7 2 13 78 0
24.375 7 2 12 79 0
24.5 7 1 13 79 0
24.625 7 1 13 79 0
24.75 7 0 14 79 0
24.875 7 0 14 79 0
25 7 0 14 79 0
25.125 7 0 13 80 0
25.25 7 0 13 80 0
25.375 7 0 13 80 0
25.5 7 0 13 80 0
25.625 7 0 13 80 0
25.75 7 0 13 80 0
25.875 7 0 13 80 0
26 7 0 13 80 0
26.125 7 0 12 81 0
26.25 7 0 11 82 0
26.375 7 0 11 82 0
26.5 7 0 11 82 0
26.625 7 0 10 83 0
26.75 7 0 10 83 0
26.875 7 0 10 83 0
27 7 0 10 83 0
27.125 7 0 10 83 0
27.25 7 0 9 84 0
27.375 7 0 9 84 0
27.5 7 0 9 84 0
27.625 7 0 9 84 0
27.75 7 0 9 84 0
27.875 7 0 9 84 0
28 7 0 9 84 0
28.125 7 0 9 84 0
28.25 7 0 9 84 0
28.375 7 0 9 84 0
28.5 7 0 9 84 0
28.625 7 0 9 84 0
28.75 7 0 9 84 0
28.875 7 0 8 85 0
29 7 0 8 85 0
29.125 7 0 8 85 0
29.25 7 0 8 85 0
29.375 7 0 8 85 0
29.5 7 0 8 85 0
29.625 7 0 8 85 0
29.75 7 0 8 85 0
29.875 7 0 7 86 0
30 7 0 7 86 0
30.125 7 0 6 87 0
30.25 7 0 6 87 0
30.375 7 0 6 87 0
30.5 7 0 6 87 0
30.625 7 0 6 87 0
30.75 7 0 6 87 0
30.875 7 0 6 87 0
31 7 0 5 88 0
31.125 7 0 5 88 0
31.25 7 0 5 88 0
31.375 7 0 4 89 0
31.5 7 0 4 89 0
31.625 7 0 4 89 0
31.75 7 0 4 89 0
31.875 7 0 4 89 0
32 7 0 4 89 0
32.125 7 0 4 89 0
32.25 7 0 4 89 0
32.375 7 0 4 89 0
32.5 7 0 4 89 0
32.625 7 0 4 89 0
32.75 7 0 4 89 0
32.875 7 0 4 89 0
33 7 0 4 89 0
33.125 7 0 4 89 0
33.25 7 0 4 89 0
33.375 7 0 4 89 0
33.5 7 0 4 89 0
33.625 7 0 4 89 0
33.75 7 0 4 89 0
33.875 7 0 4 89 0
34 7 0 4 89 0
34.125 7 0 4 89 0
34.25 7 0 4 89 0
34.375 7 0 4 89 0
34.5 7 0 4 89 0
34.625 7 0 4 89 0
34.75 7 0 4 89 0
34.875 7 0 4 89 0
35 7 0 4 89 0
35.125 7 0 4 89 0
35.25 7 0 4 89 0
35.375 7 0 4 89 0
35.5 7 0 4 89 0
35.625 7 0 4 89 0
35.75 7 0 4 89 0
35.875 7 0 4 89 0
36 7 0 4 89 0
36.125 7 0 4 89 0
36.25 7 0 4 89 0
36.375 7 0 4 89 0
36.5 7 0 4 89 0
36.625 7 0 4 89 0
36.75 7 0 4 89 0
36.875 7 0 4 89 0
37 7 0 4 89 0
37.125 7 0 4 89 0
37.25 7 0 4 89 0
37.375 7 0 4 89 0
37.5 7 0 4 89 0
37.625 7 0 4 89 0
37.75 7 0 4 89 0
37.875 7 0 4 89 0
38 7 0 4 89 0
38.125 7 0 4 89 0
38.25 7 0 4 89 0
38.375 7 0 4 89 0
38.5 7 0 4 89 0
38.625 7 0 3 90 0
38.75 7 0 3 90 0
38.875 7 0 3 90 0
39 7 0 3 90 0
39.125 7 0 3 90 0
39.25 7 0 3 90 0
39.375 7 0 3 90 0
39.5 7 0 3 90 0
39.625 7 0 3 90 0
39.75 7 0 3 90 0
39.875 7 0 3 90 0
40 7 0 3 90 0
40.125 7 0 3 90 0
40.25 7 0 3 90 0
40.375 7 0 2 91 0
40.5 7 0 2 91 0
40.625 7 0 2 91 0
40.75 7 0 2 91 0
40.875 7 0 2 91 0
41 7 0 2 91 0
41.125 7 0 1 92 0
41.25 7 0 1 92 0
41.375 7 0 1 92 0
41.5 7 0 1 92 0
41.625 7 0 1 92 0
41.75 7 0 1 92 0
41.875 7 0 1 92 0
42 7 0 1 92 0
42.125 7 0 1 92 0
42.25 7 0 1 92 0
42.375 7 0 1 92 0
42.5 7 0 1 92 0
42.625 7 0 1 92 0
42.75 7 0 1 92 0
42.875 7 0 1 92 0
43 7 0 1 92 0
43.125 7 0 1 92 0
43.25 7 0 0 93 0
