t S E I R D
0 98 0 2 0 0
0.125 97 1 2 0 0
0.25 97 1 2 0 0
0.375 97 1 2 0 0
0.5 97 1 2 0 0
0.625 97 1 2 0 0
0.75 97 1 2 0 0
0.875 97 1 2 0 0
1 97 1 2 0 0
1.125 96 2 2 0 0
1.25 96 2 2 0 0
1.375 96 2 2 0 0
1.5 96 1 3 0 0
1.625 96 1 3 0 0
1.75 96 1 3 0 0
1.875 95 2 3 0 0
2 95 2 3 0 0
2.125 95 2 3 0 0
2.25 94 3 3 0 0
2.375 94 3 3 0 0
2.5 94 3 3 0 0
2.625 94 3 3 0 0
2.75 94 3 3 0 0
2.875 94 3 3 0 0
3 94 3 3 0 0
3.125 94 2 4 0 0
3.25 94 2 4 0 0
3.375 93 3 4 0 0
3.5 93 2 5 0 0
3.625 93 2 5 0 0
3.75 93 2 5 0 0
3.875 90 5 5 0 0
4 89 6 4 1 0
4.125 89 6 4 1 0
4.25 89 6 4 1 0
4.375 89 6 4 1 0
4.5 89 5 5 1 0
4.625 89 5 5 1 0
4.75 87 7 5 1 0
4.875 86 7 6 1 0
5 86 7 6 1 0
5.125 86 4 9 1 0
5.25 85 4 10 1 0
5.375 85 4 10 1 0
5.5 83 4 12 1 0
5.625 83 4 12 1 0
5.75 83 4 11 2 0
5.875 83 4 10 3 0
6 83 4 10 3 0
6.125 83 3 11 3 0
6.25 81 5 10 4 0
6.375 81 5 10 4 0
6.5 80 6 10 4 0
6.625 79 6 11 4 0
6.75 79 6 9 6 0
6.875 78 7 9 6 0
7 76 8 10 6 0
7.125 75 8 11 6 0
7.25 73 10 11 6 0
7.375 73 10 10 7 0
7.5 73 9 11 7 0
7.625 73 8 12 7 0
7.75 73 8 12 7 0
7.875 72 8 12 8 0
8 72 7 13 8 0
8.125 71 8 13 8 0
8.25 71 8 13 8 0
8.375 71 8 13 8 0
8.5 70 9 13 8 0
8.625 69 8 15 8 0
8.75 67 9 16 8 0
8.875 66 9 16 9 0
9 65 9 16 10 0
9.125 63 10 17 10 0
9.25 63 10 17 10 0
9.375 62 10 17 11 0
9.5 62 9 16 13 0
9.625 61 9 16 14 0
9.75 61 9 15 15 0
9.875 60 9 16 15 0
10 59 10 15 16 0
10.125 58 10 14 18 0
10.25 58 10 14 18 0
10.375 58 10 14 18 0
10.5 57 9 15 19 0
10.625 57 9 15 19 0
10.75 57 9 15 19 0
10.875 56 10 15 19 0
11 56 10 14 20 0
11.125 54 12 13 21 0
11.25 54 12 12 22 0
11.375 53 13 12 22 0
11.5 53 13 12 22 0
11.625 53 12 13 22 0
11.75 53 11 14 22 0
11.875 53 11 14 22 0
12 53 11 14 22 0
12.125 52 11 15 22 0
12.25 52 11 15 22 0
12.375 52 10 16 22 0
12.5 51 10 17 22 0
12.625 51 9 18 22 0
12.75 50 10 18 22 0
12.875 49 11 17 23 0
13 48 12 17 23 0
13.125 47 13 17 23 0
13.25 44 16 17 23 0
13.375 44 16 17 23 0
13.5 44 16 17 23 0
13.625 44 15 18 23 0
13.75 44 15 18 23 0
13.875 44 15 18 23 0
14 43 15 19 23 0
14.125 43 15 18 24 0
14.25 43 12 20 25 0
14.375 43 12 19 26 0
14.5 42 11 21 26 0
14.625 42 8 24 26 0
14.75 41 7 24 28 0
14.875 41 6 25 28 0
15 41 6 25 28 0
15.125 41 5 25 29 0
15.25 41 5 25 29 0
15.375 41 4 22 33 0
15.5 40 5 22 33 0
15.625 40 5 22 33 0
15.75 39 6 21 34 0
15.875 39 5 22 34 0
16 39 5 22 34 0
16.125 39 4 23 34 0
16.25 39 3 23 35 0
16.375 38 4 22 36 0
16.5 38 3 23 36 0
16.625 38 3 20 39 0
16.75 37 4 18 41 0
16.875 37 4 15 44 0
17 37 4 15 44 0
17.125 37 4 15 44 0
17.25 36 5 15 44 0
17.375 36 5 15 44 0
17.5 36 5 15 44 0
17.625 36 5 14 45 0
17.75 35 6 14 45 0
17.875 34 6 15 45 0
18 34 6 14 46 0
18.125 34 6 13 47 0
18.25 34 5 14 47 0
18.375 34 4 15 47 0
18.5 34 4 15 47 0
18.625 34 4 15 47 0
18.75 33 4 16 47 0
18.875 33 3 17 47 0
19 33 3 17 47 0
19.125 32 4 17 47 0
19.25 31 5 17 47 0
19.375 31 5 16 48 0
19.5 31 5 16 48 0
19.625 31 5 16 48 0
19.75 31 5 16 48 0
19.875 31 3 18 48 0
20 31 3 17 49 0
20.125 31 3 17 49 0
20.25 31 3 17 49 0
20.375 31 3 17 49 0
20.5 31 3 16 50 0
20.625 31 3 16 50 0
20.75 31 3 16 50 0
20.875 31 3 15 51 0
21 31 3 14 52 0
21.125 31 2 15 52 0
21.25 31 2 15 52 0
21.375 31 2 15 52 0
21.5 31 2 15 52 0
21.625 31 2 15 52 0
21.75 31 2 13 54 0
21.875 31 2 13 54 0
22 31 2 12 55 0
22.125 31 2 10 57 0
22.25 31 2 10 57 0
22.375 31 2 10 57 0
22.5 31 2 10 57 0
22.625 31 2 10 57 0
22.75 31 2 10 57 0
22.875 31 2 10 57 0
23 31 2 9 58 0
23.125 31 2 9 58 0
23.25 31 2 9 58 0
23.375 31 2 8 59 0
23.5 31 1 8 60 0
23.625 30 2 8 60 0
23.75 29 3 8 60 0
23.875 29 3 8 60 0
24 29 3 8 60 0
24.125 28 3 9 60 0
24.25 28 3 9 60 0
24.375 28 3 9 60 0
24.5 28 1 11 60 0
24.625 27 2 11 60 0
24.75 27 2 11 60 0
24.875 27 2 10 61 0
25 27 2 10 61 0
25.125 27 2 9 62 0
25.25 27 1 10 62 0
25.375 27 1 10 62 0
25.5 27 1 10 62 0
25.625 27 1 10 62 0
25.75 26 2 10 62 0
25.875 26 2 10 62 0
26 26 2 10 62 0
26.125 26 2 10 62 0
26.25 26 2 10 62 0
26.375 26 2 10 62 0
26.5 26 2 9 63 0
26.625 26 2 9 63 0
26.75 26 2 9 63 0
26.875 26 2 9 63 0
27 26 2 9 63 0
27.125 26 2 9 63 0
27.25 26 2 9 63 0
27.375 26 2 9 63 0
27.5 26 2 9 63 0
27.625 26 2 9 63 0
27.75 26 2 9 63 0
27.875 26 2 8 64 0
28 26 1 8 65 0
28.125 26 1 8 65 0
28.25 26 1 7 66 0
28.375 26 1 7 66 0
28.5 26 1 7 66 0
28.625 26 1 7 66 0
28.75 26 1 7 66 0
28.875 26 1 7 66 0
29 26 1 7 66 0
29.125 26 1 7 66 0
29.25 26 1 7 66 0
29.375 26 1 7 66 0
29.5 26 1 7 66 0
29.625 26 1 7 66 0
29.75 26 0 8 66 0
29.875 26 0 7 67 0
30 26 0 7 67 0
30.125 26 0 6 68 0
30.25 26 0 6 68 0
30.375 26 0 6 68 0
30.5 26 0 6 68 0
30.625 26 0 6 68 0
30.75 26 0 6 68 0
30.875 26 0 6 68 0
31 26 0 6 68 0
31.125 26 0 6 68 0
31.25 26 0 6 68 0
31.375 26 0 6 68 0
31.5 26 0 6 68 0
31.625 26 0 6 68 0
31.75 26 0 6 68 0
31.875 26 0 5 69 0
32 26 0 5 69 0
32.125 26 0 5 69 0
32.25 26 0 4 70 0
32.375 26 0 4 70 0
32.5 26 0 4 70 0
32.625 26 0 4 70 0
32.75 26 0 4 70 0
32.875 26 0 4 70 0
33 26 0 4 70 0
33.125 26 0 4 70 0
33.25 26 0 3 71 0
33.375 26 0 3 71 0
33.5 26 0 3 71 0
33.625 26 0 3 71 0
33.75 25 1 3 71 0
33.875 25 1 3 71 0
34 25 1 3 71 0
34.125 25 1 3 71 0
34.25 25 1 3 71 0
34.375 25 1 3 71 0
34.5 25 1 3 71 0
34.625 25 1 3 71 0
34.75 25 1 3 71 0
34.875 25 1 3 71 0
35 25 1 3 71 0
35.125 25 1 3 71 0
35.25 25 1 3 71 0
35.375 25 1 3 71 0
35.5 25 1 3 71 0
35.625 25 1 3 71 0
35.75 25 1 3 71 0
35.875 25 1 3 71 0
36 25 1 3 71 0
36.125 25 1 3 71 0
36.25 24 2 3 71 0
36.375 24 2 3 71 0
36.5 24 2 3 71 0
36.625 24 2 3 71 0
36.75 24 2 3 71 0
36.875 24 2 3 71 0
37 24 2 3 71 0
37.125 24 2 3 71 0
37.25 24 2 3 71 0
37.375 24 2 3 71 0
37.5 24 2 3 71 0
37.625 24 2 3 71 0
37.75 24 2 3 71 0
37.875 24 1 4 71 0
38 24 1 4 71 0
38.125 24 1 4 71 0
38.25 24 1 4 71 0
38.375 24 1 3 72 0
38.5 24 1 3 72 0
38.625 24 1 2 73 0
38.75 24 1 2 73 0
38.875 24 1 2 73 0
39 24 1 2 73 0
39.125 24 1 1 74 0
39.25 24 1 1 74 0
39.375 24 1 1 74 0
39.5 24 1 1 74 0
39.625 24 1 1 74 0
39.75 24 1 1 74 0
39.875 24 1 1 74 0
40 24 1 1 74 0
40.125 24 1 1 74 0
40.25 24 1 1 74 0
40.375 24 1 1 74 0
40.5 24 1 1 74 0
40.625 24 1 1 74 0
40.75 24 0 2 74 0
40.875 24 0 2 74 0
41 24 0 2 74 0
41.125 24 0 2 74 0
41.25 24 0 2 74 0
41.375 24 0 2 74 0
41.5 24 0 2 74 0
41.625 24 0 2 74 0
41.75 24 0 1 75 0
41.875 24 0 1 75 0
42 24 0 1 75 0
42.125 24 0 0 75 1
