t S E I R D
0 98 0 2 0 0
0.125 97 1 2 0 0
0.25 96 2 1 1 0
0.375 96 2 1 1 0
0.5 96 2 1 1 0
0.625 96 2 1 1 0
0.75 96 2 1 1 0
0.875 96 1 2 1 0
1 96 1 2 1 0
1.125 96 1 2 1 0
1.25 96 1 2 1 0
1.375 96 0 3 1 0
1.5 96 0 3 1 0
1.625 96 0 3 1 0
1.75 95 1 3 1 0
1.875 94 2 3 1 0
2 94 2 3 1 0
2.125 94 2 3 1 0
2.25 94 2 3 1 0
2.375 94 2 3 1 0
2.5 94 2 3 1 0
2.625 94 2 3 1 0
2.75 94 2 3 1 0
2.875 94 2 3 1 0
3 94 1 4 1 0
3.125 94 1 4 1 0
3.25 94 1 4 1 0
3.375 94 1 4 1 0
3.5 94 1 4 1 0
3.625 94 1 4 1 0
3.75 93 2 4 1 0
3.875 92 2 5 1 0
4 92 2 4 2 0
4.125 92 2 4 2 0
4.25 92 2 4 2 0
4.375 92 2 4 2 0
4.5 92 2 4 2 0
4.625 92 2 4 2 0
4.75 92 2 3 3 0
4.875 92 2 3 3 0
5 92 2 3 3 0
5.125 92 2 3 3 0
5.25 92 2 3 3 0
5.375 92 2 3 3 0
5.5 91 3 3 3 0
5.625 91 2 4 3 0
5.75 91 2 4 3 0
5.875 91 2 4 3 0
6 91 2 4 3 0
6.125 91 2 4 3 0
6.25 91 2 4 3 0
6.375 91 2 4 3 0
6.5 91 2 4 3 0
6.625 91 2 4 3 0
6.75 91 2 3 4 0
6.875 91 2 3 4 0
7 91 2 3 4 0
7.125 91 2 3 4 0
7.25 91 2 3 4 0
7.375 91 2 3 4 0
7.5 91 2 3 4 0
7.625 91 2 3 4 0
7.75 91 2 3 4 0
7.875 91 2 3 4 0
8 91 2 3 4 0
8.125 91 1 3 5 0
8.25 90 2 3 5 0
8.375 90 2 3 5 0
8.5 90 2 3 5 0
8.625 90 2 3 5 0
8.75 90 2 3 5 0
8.875 90 2 3 5 0
9 90 2 3 5 0
9.125 90 2 3 5 0
9.25 90 2 2 6 0
9.375 90 2 2 6 0
9.5 90 2 2 6 0
9.625 90 2 2 6 0
9.75 90 2 2 6 0
9.875 90 2 2 6 0
10 90 2 1 7 0
10.125 90 2 1 7 0
10.25 90 2 1 7 0
10.375 90 2 1 7 0
10.5 90 2 1 7 0
10.625 90 2 1 7 0
10.75 90 1 2 7 0
10.875 90 1 2 7 0
11 90 1 2 7 0
11.125 90 1 2 7 0
11.25 90 1 2 7 0
11.375 90 1 2 7 0
11.5 89 2 2 7 0
11.625 89 2 2 7 0
11.75 89 1 3 7 0
11.875 89 1 3 7 0
12 89 1 3 7 0
12.125 89 1 3 7 0
12.25 89 1 3 7 0
12.375 88 2 3 7 0
12.5 88 2 3 7 0
12.625 87 3 3 7 0
12.75 87 3 3 7 0
12.875 87 2 4 7 0
13 87 2 4 7 0
13.125 87 2 4 7 0
13.25 87 2 4 7 0
13.375 87 2 4 7 0
13.5 87 1 5 7 0
13.625 86 2 5 7 0
13.75 85 3 5 7 0
13.875 85 3 5 7 0
14 85 2 6 7 0
14.125 85 2 6 7 0
14.25 85 2 6 7 0
14.375 84 3 6 7 0
14.5 82 5 6 7 0
14.625 82 4 7 7 0
14.75 80 4 9 7 0
14.875 79 5 9 7 0
15 77 7 9 7 0
15.125 76 7 10 7 0
15.25 75 8 10 7 0
15.375 74 9 10 7 0
15.5 74 9 10 7 0
15.625 73 10 10 7 0
15.75 73 9 11 7 0
15.875 71 11 11 7 0
16 71 11 11 7 0
16.125 70 12 11 7 0
16.25 67 11 15 7 0
16.375 66 12 15 7 0
16.5 64 14 15 7 0
16.625 62 16 15 7 0
16.75 60 17 15 8 0
16.875 59 18 15 8 0
17 59 17 15 9 0
17.125 59 15 17 9 0
17.25 58 15 17 10 0
17.375 57 15 17 11 0
17.5 56 14 19 11 0
17.625 53 17 19 11 0
17.75 49 20 19 12 0
17.875 49 20 19 12 0
18 49 17 21 13 0
18.125 48 18 21 13 0
18.25 48 18 21 13 0
18.375 47 16 24 13 0
18.5 45 18 23 14 0
18.625 44 19 23 14 0
18.75 42 21 21 16 0
18.875 39 22 23 16 0
19 38 21 25 16 0
19.125 37 20 27 16 0
19.25 37 20 26 17 0
19.375 35 22 26 17 0
19.5 33 24 24 19 0
19.625 33 24 23 20 0
19.75 33 23 24 20 0
19.875 31 21 28 20 0
20 30 21 29 20 0
20.125 30 21 28 21 0
20.25 28 23 28 21 0
20.375 28 22 29 21 0
20.5 28 19 32 21 0
20.625 26 20 31 23 0
20.75 25 21 30 24 0
20.875 25 19 31 25 0
21 25 18 30 27 0
21.125 25 17 29 29 0
21.25 25 14 31 30 0
21.375 25 13 31 31 0
21.5 25 11 33 31 0
21.625 24 11 34 31 0
21.75 23 12 33 32 0
21.875 23 10 35 32 0
22 23 9 35 33 0
22.125 23 9 35 33 0
22.25 23 8 36 33 0
22.375 23 8 36 33 0
22.5 23 7 37 33 0
22.625 22 6 38 34 0
22.75 22 6 35 37 0
22.875 20 6 36 38 0
23 20 6 34 40 0
23.125 20 5 34 41 0
23.25 20 5 32 43 0
23.375 20 5 31 44 0
23.5 19 6 31 44 0
23.625 19 4 33 44 0
23.75 19 4 32 45 0
23.875 19 4 30 47 0
24 19 4 30 47 0
24.125 19 4 28 49 0
24.25 18 5 28 49 0
24.375 18 5 28 49 0
24.5 18 4 29 49 0
24.625 18 4 28 50 0
24.75 18 4 28 50 0
24.875 18 4 26 52 0
25 18 4 26 52 0
25.125 18 3 27 52 0
25.25 18 3 27 52 0
25.375 17 3 27 53 0
25.5 17 3 27 53 0
25.625 17 3 27 53 0
25.75 16 4 27 53 0
25.875 16 3 28 53 0
26 16 3 28 53 0
26.125 16 3 27 54 0
26.25 16 3 27 54 0
26.375 16 3 27 54 0
26.5 16 3 26 55 0
26.625 16 3 26 55 0
26.75 16 3 25 56 0
26.875 16 3 25 56 0
27 16 2 25 57 0
27.125 16 2 25 57 0
27.25 16 2 25 57 0
27.375 16 2 25 57 0
27.5 15 3 24 57 1
27.625 15 3 23 58 1
27.75 15 3 23 58 1
27.875 15 3 22 59 1
28 15 3 22 59 1
28.125 15 3 22 59 1
28.25 15 3 21 60 1
28.375 15 3 20 61 1
28.5 15 3 20 61 1
28.625 15 3 19 62 1
28.75 15 2 19 63 1
28.875 15 2 19 63 1
29 15 1 19 64 1
29.125 15 1 19 64 1
29.25 15 1 18 65 1
29.375 15 1 18 65 1
29.5 15 1 18 65 1
29.625 15 1 18 65 1
29.75 15 1 18 65 1
29.875 15 1 17 66 1
30 15 1 17 66 1
30.125 15 1 17 66 1
30.25 15 1 17 66 1
30.375 15 1 17 66 1
30.5 15 1 17 66 1
30.625 15 1 16 67 1
30.75 15 0 16 68 1
30.875 15 0 16 68 1
31 15 0 16 68 1
31.125 15 0 15 69 1
31.25 15 0 15 69 1
31.375 15 0 15 69 1
31.5 15 0 14 70 1
31.625 15 0 14 70 1
31.75 15 0 14 70 1
31.875 15 0 14 70 1
32 15 0 14 70 1
32.125 15 0 14 70 1
32.25 15 0 14 70 1
32.375 15 0 14 70 1
32.5 15 0 14 70 1
32.625 15 0 14 70 1
32.75 15 0 14 70 1
32.875 15 0 12 72 1
33 15 0 12 72 1
33.125 14 1 12 72 1
33.25 14 1 12 72 1
33.375 14 1 12 72 1
33.5 14 1 12 72 1
33.625 14 1 12 72 1
33.75 14 1 12 72 1
33.875 14 1 12 72 1
34 14 1 12 72 1
34.125 14 1 11 73 1
34.25 14 1 10 74 1
34.375 14 1 9 75 1
34.5 14 1 8 76 1
34.625 14 1 8 76 1
34.75 14 1 8 76 1
34.875 14 1 8 76 1
35 14 1 8 76 1
35.125 14 1 8 76 1
35.25 14 1 8 76 1
35.375 14 1 7 77 1
35.5 14 1 7 77 1
35.625 14 1 6 78 1
35.75 14 1 6 78 1
35.875 14 1 6 78 1
36 14 1 6 78 1
36.125 14 1 6 78 1
36.25 14 1 6 78 1
36.375 14 1 5 79 1
36.5 14 1 5 79 1
36.625 14 1 5 79 1
36.75 14 1 4 80 1
36.875 14 1 4 80 1
37 14 1 4 80 1
37.125 14 1 3 81 1
37.25 14 1 3 81 1
37.375 14 1 3 81 1
37.5 14 1 3 81 1
37.625 14 1 3 81 1
37.75 14 1 3 81 1
37.875 14 1 3 81 1
38 14 1 2 82 1
38.125 14 1 2 82 1
38.25 14 1 2 82 1
38.375 14 1 2 82 1
38.5 14 1 2 82 1
38.625 14 1 2 82 1
38.75 14 1 2 82 1
38.875 14 1 2 82 1
39 14 1 2 82 1
39.125 14 1 2 82 1
39.25 13 2 2 82 1
39.375 13 2 2 82 1
39.5 13 2 2 82 1
39.625 13 2 2 82 1
39.75 13 2 2 82 1
39.875 13 2 2 82 1
40 13 2 2 82 1
40.125 13 1 3 82 1
40.25 13 1 3 82 1
40.375 13 1 3 82 1
40.5 13 1 3 82 1
40.625 13 1 3 82 1
40.75 13 1 3 82 1
40.875 13 1 2 83 1
41 13 1 2 83 1
41.125 13 1 1 84 1
41.25 13 1 1 84 1
41.375 13 1 1 84 1
41.5 13 1 1 84 1
41.625 13 1 1 84 1
41.75 13 1 1 84 1
41.875 13 1 1 84 1
42 13 1 1 84 1
42.125 13 1 1 84 1
42.25 13 1 1 84 1
42.375 13 1 1 84 1
42.5 13 1 1 84 1
42.625 13 1 1 84 1
42.75 13 0 2 84 1
42.875 13 0 2 84 1
43 13 0 2 84 1
43.125 13 0 2 84 1
43.25 13 0 2 84 1
43.375 13 0 2 84 1
43.5 13 0 2 84 1
43.625 13 0 2 84 1
43.75 13 0 2 84 1
43.875 13 0 2 84 1
44 13 0 2 84 1
44.125 13 0 2 84 1
44.25 13 0 1 85 1
44.375 13 0 1 85 1
44.5 13 0 1 85 1
44.625 13 0 1 85 1
44.75 13 0 1 85 1
44.875 13 0 1 85 1
45 13 0 1 85 1
45.125 13 0 1 85 1
45.25 13 0 0 86 1
