t S E I R D
0 98 0 2 0 0
0.125 97 1 2 0 0
0.25 97 1 2 0 0
0.375 97 1 2 0 0
0.5 97 0 3 0 0
0.625 97 0 2 1 0
0.75 97 0 2 1 0
0.875 97 0 2 1 0
1 97 0 2 1 0
1.125 97 0 2 1 0
1.25 97 0 2 1 0
1.375 97 0 2 1 0
1.5 97 0 2 1 0
1.625 97 0 2 1 0
1.75 97 0 2 1 0
1.875 97 0 2 1 0
2 97 0 2 1 0
2.125 97 0 2 1 0
2.25 96 1 2 1 0
2.375 96 1 2 1 0
2.5 96 1 2 1 0
2.625 96 0 3 1 0
2.75 96 0 3 1 0
2.875 96 0 3 1 0
3 95 1 3 1 0
3.125 95 1 3 1 0
3.25 95 1 3 1 0
3.375 95 1 2 2 0
3.5 95 1 2 2 0
3.625 95 1 2 2 0
3.75 95 1 2 2 0
3.875 95 1 2 2 0
4 95 1 2 2 0
4.125 94 2 2 2 0
4.25 94 2 2 2 0
4.375 93 3 2 2 0
4.5 93 3 2 2 0
4.625 93 3 2 2 0
4.75 93 1 4 2 0
4.875 93 1 4 2 0
5 93 1 4 2 0
5.125 93 1 4 2 0
5.25 92 2 4 2 0
5.375 92 2 4 2 0
5.5 92 2 4 2 0
5.625 91 3 3 3 0
5.75 90 4 3 3 0
5.875 88 5 4 3 0
6 88 5 4 3 0
6.125 86 7 4 3 0
6.25 86 7 4 3 0
6.375 85 8 4 3 0
6.5 85 8 3 4 0
6.625 85 7 3 5 0
6.75 84 7 4 5 0
6.875 84 6 5 5 0
7 82 7 5 6 0
7.125 82 6 6 6 0
7.25 81 6 7 6 0
7.375 81 6 7 6 0
7.5 81 6 7 6 0
7.625 80 7 7 6 0
7.75 80 7 7 6 0
7.875 79 7 8 6 0
8 76 8 10 6 0
8.125 75 8 10 7 0
8.25 73 10 10 7 0
8.375 73 8 12 7 0
8.5 71 10 12 7 0
8.625 70 11 12 7 0
8.75 70 10 12 8 0
8.875 69 11 12 8 0
9 69 11 12 8 0
9.125 68 12 11 9 0
9.25 68 11 10 11 0
9.375 68 11 10 11 0
9.5 68 11 10 11 0
9.625 65 14 10 11 0
9.75 63 15 11 11 0
9.875 62 15 12 11 0
10 60 15 14 11 0
10.125 60 15 14 11 0
10.25 60 12 17 11 0
10.375 58 14 17 11 0
10.5 58 13 18 11 0
10.625 58 11 20 11 0
10.75 57 11 21 11 0
10.875 54 13 22 11 0
11 52 13 24 11 0
11.125 52 12 25 11 0
11.25 52 10 26 12 0
11.375 51 11 25 13 0
11.5 51 8 27 14 0
11.625 50 9 27 14 0
11.75 48 10 27 15 0
11.875 48 10 25 17 0
12 47 11 25 17 0
12.125 47 11 24 18 0
12.25 46 11 24 19 0
12.375 46 10 24 20 0
12.5 46 9 25 20 0
12.625 45 8 26 21 0
12.75 45 8 26 21 0
12.875 44 8 27 21 0
13 44 8 27 21 0
13.125 42 9 27 22 0
13.25 41 9 28 22 0
13.375 39 11 28 22 0
13.5 39 10 29 22 0
13.625 39 9 29 23 0
13.75 37 11 29 23 0
13.875 36 11 29 24 0
14 36 11 28 25 0
14.125 35 11 29 25 0
14.25 35 10 30 25 0
14.375 33 11 30 26 0
14.5 33 9 32 26 0
14.625 32 9 33 26 0
14.75 31 10 33 26 0
14.875 29 12 32 27 0
15 28 12 33 27 0
15.125 28 12 32 28 0
15.25 28 12 32 28 0
15.375 28 12 31 29 0
15.5 28 11 30 31 0
15.625 26 13 30 31 0
15.75 26 13 30 31 0
15.875 26 13 29 32 0
16 26 12 30 32 0
16.125 25 13 30 32 0
16.25 25 13 29 33 0
16.375 25 13 26 36 0
16.5 23 13 28 36 0
16.625 23 13 28 36 0
16.75 23 13 28 36 0
16.875 23 12 28 37 0
17 23 11 29 37 0
17.125 22 10 30 38 0
17.25 22 10 30 38 0
17.375 22 10 29 39 0
17.5 22 9 29 40 0
17.625 22 8 30 40 0
17.75 22 8 28 42 0
17.875 22 8 28 42 0
18 21 9 28 42 0
18.125 21 9 28 42 0
18.25 21 8 29 42 0
18.375 21 5 32 42 0
18.5 21 5 32 42 0
18.625 21 5 32 42 0
18.75 20 6 31 43 0
18.875 20 6 31 43 0
19 20 6 31 43 0
19.125 20 4 33 43 0
19.25 20 4 32 44 0
19.375 20 4 30 46 0
19.5 20 4 29 47 0
19.625 19 5 25 51 0
19.75 19 5 23 53 0
19.875 19 5 23 53 0
20 19 5 23 53 0
20.125 19 5 22 54 0
20.25 19 5 22 54 0
20.375 19 5 21 55 0
20.5 19 4 22 55 0
20.625 19 4 22 55 0
20.75 19 4 22 55 0
20.875 17 6 21 56 0
21 17 5 22 56 0
21.125 17 5 21 57 0
21.25 17 4 22 57 0
21.375 16 5 22 57 0
21.5 16 5 22 57 0
21.625 16 5 22 57 0
21.75 16 4 23 57 0
21.875 16 3 23 58 0
22 15 4 23 58 0
22.125 15 4 22 59 0
22.25 15 4 22 59 0
22.375 14 5 22 59 0
22.5 14 4 23 59 0
22.625 14 3 24 59 0
22.75 14 2 24 60 0
22.875 14 2 23 61 0
23 14 2 23 61 0
23.125 14 2 20 64 0
23.25 14 2 19 65 0
23.375 14 2 19 65 0
23.5 14 2 19 65 0
23.625 14 2 17 67 0
23.75 14 2 16 68 0
23.875 14 1 17 68 0
24 14 1 16 69 0
24.125 14 1 16 69 0
24.25 14 1 15 70 0
24.375 13 2 15 70 0
24.5 13 2 15 70 0
24.625 13 2 15 70 0
24.75 13 2 15 70 0
24.875 13 2 15 70 0
25 13 2 15 70 0
25.125 12 2 16 70 0
25.25 12 2 16 70 0
25.375 12 2 16 70 0
25.5 12 1 17 70 0
25.625 12 1 16 71 0
25.75 12 1 16 71 0
25.875 12 1 15 72 0
26 12 1 15 72 0
26.125 12 1 15 72 0
26.25 12 1 15 72 0
26.375 12 1 15 72 0
26.5 12 1 15 72 0
26.625 12 1 15 72 0
26.75 12 1 15 72 0
26.875 12 1 15 72 0
27 12 0 16 72 0
27.125 12 0 14 74 0
27.25 12 0 14 74 0
27.375 12 0 14 74 0
27.5 12 0 14 74 0
27.625 12 0 14 74 0
27.75 12 0 14 74 0
27.875 12 0 14 74 0
28 12 0 13 75 0
28.125 11 1 11 77 0
28.25 11 1 11 77 0
28.375 11 1 11 77 0
28.5 11 1 10 78 0
28.625 11 1 9 79 0
28.75 11 1 9 79 0
28.875 11 1 8 80 0
29 11 1 8 80 0
29.125 11 1 8 80 0
29.25 11 1 8 80 0
29.375 11 1 8 80 0
29.5 11 1 8 80 0
29.625 11 1 8 80 0
29.75 11 1 8 80 0
29.875 11 1 8 80 0
30 11 1 8 80 0
30.125 11 1 8 80 0
30.25 11 1 7 81 0
30.375 11 1 7 81 0
30.5 11 1 7 81 0
30.625 11 0 8 81 0
30.75 11 0 8 81 0
30.875 11 0 8 81 0
31 11 0 8 81 0
31.125 11 0 8 81 0
31.25 11 0 8 81 0
31.375 11 0 7 82 0
31.5 11 0 7 82 0
31.625 11 0 6 83 0
31.75 11 0 6 83 0
31.875 11 0 6 83 0
32 11 0 6 83 0
32.125 11 0 6 83 0
32.25 11 0 6 83 0
32.375 11 0 6 83 0
32.5 11 0 6 83 0
32.625 11 0 6 83 0
32.75 11 0 6 83 0
32.875 11 0 6 83 0
33 11 0 6 83 0
33.125 11 0 6 83 0
33.25 11 0 6 83 0
33.375 11 0 6 83 0
33.5 10 1 6 83 0
33.625 10 1 6 83 0
33.75 10 1 5 84 0
33.875 10 1 5 84 0
34 10 1 5 84 0
34.125 10 1 5 84 0
34.25 10 1 5 84 0
34.375 10 1 5 84 0
34.5 10 1 5 84 0
34.625 10 1 5 84 0
34.75 10 1 5 84 0
34.875 10 1 5 84 0
35 10 1 4 85 0
35.125 10 1 4 85 0
35.25 10 1 4 85 0
35.375 10 1 4 85 0
35.5 10 1 4 85 0
35.625 10 1 4 85 0
35.75 10 1 3 86 0
35.875 10 1 3 86 0
36 10 1 3 86 0
36.125 10 1 3 86 0
36.25 10 1 3 86 0
36.375 10 1 3 86 0
36.5 10 1 3 86 0
36.625 10 1 3 86 0
36.75 10 1 3 86 0
36.875 10 1 3 86 0
37 10 1 3 86 0
37.125 10 1 3 86 0
37.25 10 1 3 86 0
37.375 10 1 3 86 0
37.5 10 1 3 86 0
37.625 10 1 3 86 0
37.75 10 1 3 86 0
37.875 10 1 3 86 0
38 10 1 2 87 0
38.125 10 1 2 87 0
38.25 10 1 2 87 0
38.375 10 1 2 87 0
38.5 10 1 2 87 0
38.625 10 1 2 87 0
38.75 10 1 2 87 0
38.875 10 1 2 87 0
39 10 1 2 87 0
39.125 10 1 2 87 0
39.25 10 1 2 87 0
39.375 10 1 2 87 0
39.5 10 1 1 88 0
39.625 10 1 1 88 0
39.75 10 1 1 88 0
39.875 10 1 1 88 0
40 10 1 1 88 0
40.125 10 1 0 89 0
40.25 10 1 0 89 0
40.375 10 1 0 89 0
40.5 10 1 0 89 0
40.625 10 1 0 89 0
40.75 10 1 0 89 0
40.875 10 1 0 89 0
41 10 1 0 89 0
41.125 10 1 0 89 0
41.25 10 1 0 89 0
41.375 10 1 0 89 0
41.5 10 1 0 89 0
41.625 10 1 0 89 0
41.75 10 1 0 89 0
41.875 10 1 0 89 0
42 10 0 1 89 0
42.125 10 0 1 89 0
42.25 10 0 1 89 0
42.375 10 0 1 89 0
42.5 10 0 1 89 0
42.625 10 0 1 89 0
42.75 10 0 1 89 0
42.875 10 0 1 89 0
43 10 0 1 89 0
43.125 10 0 1 89 0
43.25 10 0 1 89 0
43.375 10 0 1 89 0
43.5 10 0 1 89 0
43.625 10 0 1 89 0
43.75 10 0 1 89 0
43.875 10 0 1 89 0
44 10 0 1 89 0
44.125 10 0 1 89 0
44.25 10 0 1 89 0
44.375 10 0 1 89 0
44.5 10 0 1 89 0
44.625 10 0 1 89 0
44.75 10 0 1 89 0
44.875 10 0 1 89 0
45 10 0 1 89 0
45.125 10 0 1 89 0
45.25 10 0 1 89 0
45.375 10 0 1 89 0
45.5 10 0 1 89 0
45.625 10 0 1 89 0
45.75 10 0 1 89 0
45.875 10 0 1 89 0
46 10 0 1 89 0
46.125 10 0 1 89 0
46.25 10 0 1 89 0
46.375 10 0 1 89 0
46.5 10 0 1 89 0
46.625 10 0 1 89 0
46.75 10 0 1 89 0
46.875 10 0 1 89 0
47 10 0 1 89 0
47.125 10 0 1 89 0
47.25 10 0 1 89 0
47.375 10 0 1 89 0
47.5 10 0 1 89 0
47.625 10 0 1 89 0
47.75 10 0 1 89 0
47.875 10 0 1 89 0
48 10 0 1 89 0
48.125 10 0 1 89 0
48.25 10 0 1 89 0
48.375 10 0 1 89 0
48.5 10 0 1 89 0
48.625 10 0 1 89 0
48.75 10 0 1 89 0
48.875 10 0 1 89 0
49 10 0 1 89 0
49.125 10 0 1 89 0
49.25 10 0 1 89 0
49.375 10 0 1 89 0
49.5 10 0 1 89 0
49.625 10 0 1 89 0
49.75 10 0 1 89 0
49.875 10 0 1 89 0
50 10 0 1 89 0
50.125 10 0 1 89 0
50.25 10 0 1 89 0
50.375 10 0 1 89 0
50.5 10 0 1 89 0
50.625 10 0 1 89 0
50.75 10 0 1 89 0
50.875 10 0 1 89 0
51 10 0 1 89 0
51.125 10 0 1 89 0
51.25 10 0 1 89 0
51.375 10 0 1 89 0
51.5 10 0 1 89 0
51.625 10 0 1 89 0
51.75 10 0 1 89 0
51.875 10 0 1 89 0
52 10 0 1 89 0
52.125 10 0 1 89 0
52.25 10 0 1 89 0
52.375 10 0 1 89 0
52.5 10 0 1 89 0
52.625 10 0 1 89 0
52.75 10 0 1 89 0
52.875 10 0 1 89 0
53 10 0 1 89 0
53.125 10 0 1 89 0
53.25 10 0 1 89 0
53.375 10 0 1 89 0
53.5 10 0 1 89 0
53.625 10 0 1 89 0
53.75 10 0 1 89 0
53.875 10 0 1 89 0
54 10 0 1 89 0
54.125 10 0 1 89 0
54.25 10 0 1 89 0
54.375 10 0 1 89 0
54.5 10 0 1 89 0
54.625 10 0 1 89 0
54.75 10 0 1 89 0
54.875 10 0 1 89 0
55 10 0 1 89 0
55.125 10 0 1 89 0
55.25 10 0 1 89 0
55.375 10 0 1 89 0
55.5 10 0 1 89 0
55.625 10 0 1 89 0
55.75 10 0 1 89 0
55.875 10 0 1 89 0
56 10 0 1 89 0
56.125 10 0 1 89 0
56.25 10 0 1 89 0
56.375 10 0 1 89 0
56.5 10 0 1 89 0
56.625 10 0 1 89 0
56.75 10 0 1 89 0
56.875 10 0 1 89 0
57 10 0 1 89 0
57.125 10 0 1 89 0
57.25 10 0 1 89 0
57.375 10 0 1 89 0
57.5 10 0 1 89 0
57.625 10 0 1 89 0
57.75 10 0 1 89 0
57.875 10 0 1 89 0
58 10 0 1 89 0
58.125 10 0 1 89 0
58.25 10 0 1 89 0
58.375 10 0 1 89 0
58.5 10 0 1 89 0
58.625 10 0 1 89 0
58.75 10 0 1 89 0
58.875 10 0 1 89 0
59 10 0 1 89 0
59.125 10 0 1 89 0
59.25 10 0 1 89 0
59.375 10 0 1 89 0
59.5 10 0 1 89 0
59.625 10 0 1 89 0
59.75 10 0 1 89 0
59.875 10 0 1 89 0
60 10 0 1 89 0
60.125 10 0 1 89 0
60.25 10 0 1 89 0
60.375 10 0 1 89 0
60.5 10 0 1 89 0
60.625 10 0 1 89 0
60.75 10 0 1 89 0
60.875 10 0 1 89 0
61 10 0 1 89 0
61.125 10 0 1 89 0
61.25 10 0 1 89 0
61.375 10 0 1 89 0
61.5 10 0 1 89 0
61.625 10 0 1 89 0
61.75 10 0 1 89 0
61.875 10 0 1 89 0
62 10 0 1 89 0
62.125 10 0 1 89 0
62.25 10 0 0 90 0
