t S E I R D
0 98 0 2 0 0
0.125 98 0 2 0 0
0.25 98 0 2 0 0
0.375 98 0 2 0 0
0.5 98 0 2 0 0
0.625 98 0 2 0 0
0.75 98 0 2 0 0
0.875 98 0 2 0 0
1 98 0 2 0 0
1.125 98 0 2 0 0
1.25 98 0 2 0 0
1.375 98 0 2 0 0
1.5 98 0 2 0 0
1.625 98 0 2 0 0
1.75 98 0 2 0 0
1.875 98 0 2 0 0
2 97 1 2 0 0
2.125 97 1 2 0 0
2.25 97 1 2 0 0
2.375 97 1 2 0 0
2.5 97 1 2 0 0
2.625 97 1 2 0 0
2.75 97 1 2 0 0
2.875 97 1 2 0 0
3 97 1 2 0 0
3.125 97 1 2 0 0
3.25 97 1 2 0 0
3.375 97 1 2 0 0
3.5 97 1 2 0 0
3.625 97 1 2 0 0
3.75 97 1 1 1 0
3.875 96 2 1 1 0
4 96 2 1 1 0
4.125 96 1 2 1 0
4.25 96 1 2 1 0
4.375 96 1 2 1 0
4.5 96 1 2 1 0
4.625 96 1 2 1 0
4.75 96 1 2 1 0
4.875 96 1 2 1 0
5 95 2 2 1 0
5.125 95 2 2 1 0
5.25 95 1 3 1 0
5.375 95 1 3 1 0
5.5 95 1 3 1 0
5.625 94 1 4 1 0
5.75 93 2 4 1 0
5.875 93 2 4 1 0
6 92 3 4 1 0
6.125 92 2 5 1 0
6.25 92 2 5 1 0
6.375 92 2 5 1 0
6.5 92 2 5 1 0
6.625 92 2 5 1 0
6.75 92 2 5 1 0
6.875 92 2 5 1 0
7 92 0 7 1 0
7.125 91 1 4 4 0
7.25 90 2 4 4 0
7.375 90 1 5 4 0
7.5 89 2 5 4 0
7.625 88 3 5 4 0
7.75 88 3 5 4 0
7.875 88 2 6 4 0
8 88 2 6 4 0
8.125 88 2 6 4 0
8.25 88 2 6 4 0
8.375 88 1 7 4 0
8.5 88 1 7 4 0
8.625 87 2 7 4 0
8.75 86 3 6 5 0
8.875 86 3 6 5 0
9 86 2 7 5 0
9.125 86 2 7 5 0
9.25 86 2 7 5 0
9.375 86 1 8 5 0
9.5 86 1 6 6 1
9.625 86 1 6 6 1
9.75 86 1 6 6 1
9.875 86 1 6 6 1
10 85 2 6 6 1
10.125 85 2 6 6 1
10.25 85 2 5 7 1
10.375 85 2 5 7 1
10.5 85 2 5 7 1
10.625 85 2 5 7 1
10.75 85 0 7 7 1
10.875 85 0 7 7 1
11 85 0 7 7 1
11.125 85 0 7 7 1
11.25 85 0 7 7 1
11.375 85 0 7 7 1
11.5 85 0 7 7 1
11.625 85 0 7 7 1
11.75 85 0 7 7 1
11.875 85 0 7 7 1
12 85 0 7 7 1
12.125 85 0 7 7 1
12.25 85 0 7 7 1
12.375 85 0 7 7 1
12.5 85 0 7 7 1
12.625 85 0 6 8 1
12.75 85 0 6 8 1
12.875 85 0 6 8 1
13 85 0 6 8 1
13.125 85 0 5 9 1
13.25 85 0 5 9 1
13.375 85 0 5 9 1
13.5 85 0 5 9 1
13.625 85 0 5 9 1
13.75 84 1 5 9 1
13.875 84 1 5 9 1
14 84 1 5 9 1
14.125 84 0 6 9 1
14.25 83 1 6 9 1
14.375 82 2 6 9 1
14.5 82 2 6 9 1
14.625 82 2 5 10 1
14.75 81 3 5 10 1
14.875 81 3 5 10 1
15 81 2 6 10 1
15.125 81 2 6 10 1
15.25 81 2 5 11 1
15.375 81 2 5 11 1
15.5 81 2 5 11 1
15.625 81 1 6 11 1
15.75 81 1 5 12 1
15.875 81 1 5 12 1
16 81 1 4 13 1
16.125 81 0 5 13 1
16.25 81 0 5 13 1
16.375 81 0 5 13 1
16.5 81 0 4 14 1
16.625 81 0 4 14 1
16.75 81 0 4 14 1
16.875 80 1 4 14 1
17 80 1 4 14 1
17.125 80 1 4 14 1
17.25 80 1 3 15 1
17.375 80 1 3 15 1
17.5 80 1 3 15 1
17.625 80 1 3 15 1
17.75 80 1 3 15 1
17.875 80 1 3 15 1
18 80 1 3 15 1
18.125 80 1 3 15 1
18.25 80 1 3 15 1
18.375 80 0 4 15 1
18.5 80 0 4 15 1
18.625 80 0 4 15 1
18.75 80 0 4 15 1
18.875 80 0 4 15 1
19 79 1 4 15 1
19.125 79 1 3 16 1
19.25 78 2 2 17 1
19.375 78 2 2 17 1
19.5 78 2 2 17 1
19.625 78 2 2 17 1
19.75 78 2 2 17 1
19.875 78 2 2 17 1
20 78 1 3 17 1
20.125 78 1 3 17 1
20.25 78 1 3 17 1
20.375 77 2 3 17 1
20.5 77 2 3 17 1
20.625 77 2 3 17 1
20.75 77 2 3 17 1
20.875 77 1 3 18 1
21 77 1 3 18 1
21.125 77 1 2 19 1
21.25 77 0 3 19 1
21.375 77 0 3 19 1
21.5 77 0 3 19 1
21.625 77 0 3 19 1
21.75 77 0 3 19 1
21.875 77 0 3 19 1
22 77 0 3 19 1
22.125 77 0 3 19 1
22.25 77 0 3 19 1
22.375 77 0 3 19 1
22.5 77 0 3 19 1
22.625 77 0 3 19 1
22.75 77 0 3 19 1
22.875 77 0 3 19 1
23 77 0 3 19 1
23.125 77 0 3 19 1
23.25 77 0 3 19 1
23.375 77 0 3 19 1
23.5 76 1 3 19 1
23.625 76 1 3 19 1
23.75 76 1 3 19 1
23.875 76 1 3 19 1
24 75 2 3 19 1
24.125 75 2 3 19 1
24.25 75 2 3 19 1
24.375 75 2 3 19 1
24.5 75 1 4 19 1
24.625 75 1 4 19 1
24.75 75 1 4 19 1
24.875 75 1 4 19 1
25 75 1 4 19 1
25.125 75 1 4 19 1
25.25 75 1 4 19 1
25.375 74 1 4 20 1
25.5 73 2 3 21 1
25.625 73 2 3 21 1
25.75 72 3 3 21 1
25.875 72 3 3 21 1
26 72 3 3 21 1
26.125 71 4 3 21 1
26.25 71 4 3 21 1
26.375 71 3 3 22 1
26.5 71 3 3 22 1
26.625 71 2 4 22 1
26.75 71 2 4 22 1
26.875 71 2 4 22 1
27 71 2 4 22 1
27.125 71 2 4 22 1
27.25 70 3 4 22 1
27.375 70 3 4 22 1
27.5 70 1 6 22 1
27.625 70 1 6 22 1
27.75 69 1 7 22 1
27.875 67 3 7 22 1
28 67 3 7 22 1
28.125 67 3 7 22 1
28.25 66 4 7 22 1
28.375 65 5 7 22 1
28.5 64 5 8 22 1
28.625 64 4 9 22 1
28.75 63 5 9 22 1
28.875 62 5 10 22 1
29 62 5 10 22 1
29.125 62 5 10 22 1
29.25 60 7 10 22 1
29.375 60 7 10 22 1
29.5 60 6 11 22 1
29.625 60 4 13 22 1
29.75 58 6 13 22 1
29.875 58 5 14 22 1
30 57 6 14 22 1
30.125 55 8 14 22 1
30.25 53 9 15 22 1
30.375 53 9 14 23 1
30.5 53 9 14 23 1
30.625 52 10 14 23 1
30.75 52 10 14 23 1
30.875 51 11 14 23 1
31 51 10 15 23 1
31.125 50 9 17 23 1
31.25 50 9 17 23 1
31.375 50 9 16 24 1
31.5 48 9 18 24 1
31.625 46 10 18 25 1
31.75 46 10 18 25 1
31.875 46 10 18 25 1
32 45 10 19 25 1
32.125 44 11 19 25 1
32.25 42 11 20 26 1
32.375 42 10 21 26 1
32.5 42 10 21 26 1
32.625 39 13 21 26 1
32.75 39 11 22 27 1
32.875 39 11 22 27 1
33 39 8 24 28 1
33.125 39 8 24 28 1
33.25 38 9 24 28 1
33.375 38 9 24 28 1
33.5 36 10 24 29 1
33.625 36 9 25 29 1
33.75 36 9 25 29 1
33.875 35 9 26 29 1
34 34 10 26 29 1
34.125 33 11 24 31 1
34.25 31 12 25 31 1
34.375 31 12 24 32 1
34.5 28 12 27 32 1
34.625 28 11 27 33 1
34.75 28 10 28 33 1
34.875 26 11 29 33 1
35 26 7 32 34 1
35.125 26 7 32 34 1
35.25 26 7 30 36 1
35.375 26 7 30 36 1
35.5 26 7 29 37 1
35.625 25 8 28 38 1
35.75 25 8 27 39 1
35.875 24 9 26 40 1
36 24 9 26 40 1
36.125 24 9 26 40 1
36.25 24 9 26 40 1
36.375 24 8 26 41 1
36.5 23 7 27 42 1
36.625 22 8 26 43 1
36.75 22 6 27 44 1
36.875 22 6 27 44 1
37 22 6 26 45 1
37.125 22 6 25 46 1
37.25 22 6 25 46 1
37.375 22 6 23 48 1
37.5 22 6 22 49 1
37.625 21 5 22 51 1
37.75 20 6 22 51 1
37.875 20 5 23 51 1
38 20 5 22 52 1
38.125 19 6 22 52 1
38.25 18 7 21 53 1
38.375 18 7 21 53 1
38.5 18 7 21 53 1
38.625 18 6 21 54 1
38.75 18 6 21 54 1
38.875 18 5 22 54 1
39 16 7 21 55 1
39.125 16 6 20 57 1
39.25 16 6 20 57 1
39.375 16 6 19 58 1
39.5 16 6 19 58 1
39.625 16 6 18 59 1
39.75 16 6 18 59 1
39.875 16 6 18 59 1
40 16 6 16 61 1
40.125 16 6 15 62 1
40.25 16 6 13 64 1
40.375 16 6 13 64 1
40.5 16 6 12 65 1
40.625 16 6 12 65 1
40.75 16 6 12 65 1
40.875 16 5 13 65 1
41 16 5 12 66 1
41.125 16 5 12 66 1
41.25 16 5 12 66 1
41.375 16 5 12 66 1
41.5 16 4 13 66 1
41.625 16 4 12 67 1
41.75 16 3 13 67 1
41.875 16 3 12 68 1
42 16 3 12 68 1
42.125 16 2 13 68 1
42.25 16 2 12 69 1
42.375 16 2 12 69 1
42.5 16 1 13 69 1
42.625 16 1 12 70 1
42.75 16 1 11 71 1
42.875 16 1 11 71 1
43 16 1 11 71 1
43.125 16 1 11 71 1
43.25 16 1 11 71 1
43.375 16 1 11 71 1
43.5 16 1 11 71 1
43.625 16 1 11 71 1
43.75 16 1 11 71 1
43.875 16 1 10 72 1
44 16 1 10 72 1
44.125 16 1 10 72 1
44.25 16 1 10 72 1
44.375 16 1 10 72 1
44.5 16 1 10 72 1
44.625 16 1 10 72 1
44.75 16 1 10 72 1
44.875 16 1 9 73 1
45 16 1 9 73 1
45.125 16 1 9 73 1
45.25 15 2 9 73 1
45.375 15 2 9 73 1
45.5 15 1 10 73 1
45.625 15 1 10 73 1
45.75 15 1 9 74 1
45.875 15 1 8 75 1
46 15 1 8 75 1
46.125 15 1 8 75 1
46.25 15 1 8 75 1
46.375 15 1 7 76 1
46.5 15 1 7 76 1
46.625 15 1 7 76 1
46.75 15 1 7 76 1
46.875 15 1 7 76 1
47 15 1 6 77 1
47.125 15 1 6 77 1
47.25 15 1 6 77 1
47.375 15 1 6 77 1
47.5 15 1 6 77 1
47.625 15 1 6 77 1
47.75 15 1 6 77 1
47.875 15 1 6 77 1
48 15 1 6 77 1
48.125 14 2 6 77 1
48.25 14 2 6 77 1
48.375 14 2 6 77 1
48.5 14 2 6 77 1
48.625 14 2 6 77 1
48.75 14 2 5 78 1
48.875 14 2 5 78 1
49 14 2 5 78 1
49.125 14 2 5 78 1
49.25 14 2 5 78 1
49.375 14 2 5 78 1
49.5 14 2 5 78 1
49.625 14 2 5 78 1
49.75 14 2 5 78 1
49.875 14 2 5 78 1
50 14 2 5 78 1
50.125 14 2 5 78 1
50.25 14 2 5 78 1
50.375 14 2 5 78 1
50.5 14 2 4 79 1
50.625 14 2 4 79 1
50.75 14 2 4 79 1
50.875 14 2 3 80 1
51 14 2 3 80 1
51.125 14 2 3 80 1
51.25 14 2 3 80 1
51.375 14 2 3 80 1
51.5 14 2 3 80 1
51.625 14 2 3 80 1
51.75 14 2 3 80 1
51.875 14 2 3 80 1
52 14 2 3 80 1
52.125 14 2 3 80 1
52.25 14 1 4 80 1
52.375 14 1 4 80 1
52.5 14 1 4 80 1
52.625 14 1 4 80 1
52.75 14 1 4 80 1
52.875 14 1 4 80 1
53 14 1 4 80 1
53.125 14 1 4 80 1
53.25 14 1 3 81 1
53.375 14 1 3 81 1
53.5 14 0 4 81 1
53.625 14 0 4 81 1
53.75 14 0 4 81 1
53.875 14 0 4 81 1
54 14 0 4 81 1
54.125 14 0 4 81 1
54.25 14 0 4 81 1
54.375 14 0 4 81 1
54.5 14 0 4 81 1
54.625 14 0 4 81 1
54.75 14 0 4 81 1
54.875 14 0 4 81 1
55 14 0 4 81 1
55.125 14 0 4 81 1
55.25 14 0 4 81 1
55.375 14 0 4 81 1
55.5 14 0 4 81 1
55.625 14 0 4 81 1
55.75 14 0 4 81 1
55.875 14 0 4 81 1
56 14 0 4 81 1
56.125 14 0 3 82 1
56.25 14 0 3 82 1
56.375 14 0 3 82 1
56.5 14 0 3 82 1
56.625 14 0 2 83 1
56.75 14 0 2 83 1
56.875 14 0 2 83 1
57 14 0 2 83 1
57.125 14 0 2 83 1
57.25 14 0 2 83 1
57.375 14 0 2 83 1
57.5 14 0 2 83 1
57.625 14 0 2 83 1
57.75 14 0 2 83 1
57.875 14 0 2 83 1
58 14 0 2 83 1
58.125 14 0 2 83 1
58.25 14 0 2 83 1
58.375 14 0 2 83 1
58.5 14 0 2 83 1
58.625 14 0 2 83 1
58.75 14 0 2 83 1
58.875 14 0 2 83 1
59 14 0 2 83 1
59.125 14 0 2 83 1
59.25 14 0 2 83 1
59.375 14 0 2 83 1
59.5 14 0 2 83 1
59.625 14 0 2 83 1
59.75 14 0 2 83 1
59.875 14 0 2 83 1
60 14 0 2 83 1
60.125 14 0 2 83 1
60.25 14 0 2 83 1
60.375 14 0 2 83 1
60.5 14 0 2 83 1
60.625 14 0 2 83 1
60.75 14 0 2 83 1
60.875 14 0 2 83 1
61 14 0 2 83 1
61.125 14 0 2 83 1
61.25 14 0 2 83 1
61.375 14 0 2 83 1
61.5 14 0 2 83 1
61.625 14 0 1 84 1
61.75 14 0 1 84 1
61.875 14 0 1 84 1
62 14 0 1 84 1
62.125 14 0 1 84 1
62.25 14 0 1 84 1
62.375 14 0 0 85 1
