t S E I R D
0 98 0 2 0 0
0.125 97 1 2 0 0
0.25 97 1 2 0 0
0.375 97 1 2 0 0
0.5 97 1 2 0 0
0.625 97 1 2 0 0
0.75 97 1 2 0 0
0.875 97 1 2 0 0
1 97 1 2 0 0
1.125 97 1 2 0 0
1.25 97 1 2 0 0
1.375 95 3 2 0 0
1.5 95 2 3 0 0
1.625 95 2 3 0 0
1.75 95 2 2 1 0
1.875 95 1 3 1 0
2 93 3 3 1 0
2.125 93 3 3 1 0
2.25 92 4 2 2 0
2.375 91 5 1 3 0
2.5 91 4 2 3 0
2.625 91 3 3 3 0
2.75 90 4 3 3 0
2.875 90 4 3 3 0
3 89 5 3 3 0
3.125 89 5 3 3 0
3.25 89 4 4 3 0
3.375 89 4 4 3 0
3.5 89 4 4 3 0
3.625 86 7 4 3 0
3.75 86 7 4 3 0
3.875 86 7 4 3 0
4 86 7 4 3 0
4.125 86 5 6 3 0
4.25 86 5 6 3 0
4.375 86 5 6 3 0
4.5 86 5 5 4 0
4.625 85 5 6 4 0
4.75 85 3 8 4 0
4.875 84 3 9 4 0
5 82 5 9 4 0
5.125 81 5 10 4 0
5.25 81 5 10 4 0
5.375 80 6 10 4 0
5.5 80 6 10 4 0
5.625 79 7 10 4 0
5.75 78 7 11 4 0
5.875 77 8 10 5 0
6 76 9 10 5 0
6.125 76 8 11 5 0
6.25 75 8 11 6 0
6.375 75 7 12 6 0
6.5 74 7 13 6 0
6.625 74 7 12 7 0
6.75 72 9 11 8 0
6.875 71 9 12 8 0
7 71 8 13 8 0
7.125 71 8 13 8 0
7.25 70 9 12 9 0
7.375 69 10 12 9 0
7.5 69 9 13 9 0
7.625 68 9 14 9 0
7.75 66 10 14 10 0
7.875 66 9 15 10 0
8 65 10 14 11 0
8.125 64 10 15 11 0
8.25 62 12 14 12 0
8.375 62 12 13 13 0
8.5 61 12 14 13 0
8.625 61 11 15 13 0
8.75 59 12 16 13 0
8.875 58 12 17 13 0
9 58 11 18 13 0
9.125 58 8 21 13 0
9.25 58 7 21 14 0
9.375 55 10 21 14 0
9.5 55 9 22 14 0
9.625 54 10 20 16 0
9.75 54 10 18 18 0
9.875 53 11 17 19 0
10 52 12 17 19 0
10.125 51 13 16 20 0
10.25 51 12 17 20 0
10.375 51 12 16 21 0
10.5 50 12 17 21 0
10.625 50 11 17 22 0
10.75 50 11 16 23 0
10.875 50 10 17 23 0
11 50 9 17 24 0
11.125 49 10 17 24 0
11.25 49 10 16 25 0
11.375 49 9 17 25 0
11.5 48 9 18 25 0
11.625 48 9 17 26 0
11.75 47 10 17 26 0
11.875 46 10 18 26 0
12 46 10 17 27 0
12.125 46 10 16 28 0
12.25 45 11 16 28 0
12.375 45 11 16 28 0
12.5 45 11 16 28 0
12.625 45 9 18 28 0
12.75 45 9 18 28 0
12.875 45 8 19 28 0
13 45 7 19 29 0
13.125 44 8 19 29 0
13.25 42 9 19 30 0
13.375 42 9 19 30 0
13.5 41 10 19 30 0
13.625 41 10 18 31 0
13.75 41 10 18 31 0
13.875 41 10 18 31 0
14 40 11 18 31 0
14.125 38 13 18 31 0
14.25 38 12 18 32 0
14.375 38 11 19 32 0
14.5 38 11 19 32 0
14.625 38 10 20 32 0
14.75 38 9 20 33 0
14.875 37 10 19 34 0
15 37 10 19 34 0
15.125 36 11 19 34 0
15.25 36 10 19 35 0
15.375 35 9 21 35 0
15.5 35 7 23 35 0
15.625 35 7 22 36 0
15.75 35 7 22 36 0
15.875 35 5 22 38 0
16 35 4 23 38 0
16.125 35 4 23 38 0
16.25 35 4 23 38 0
16.375 34 5 23 38 0
16.5 33 6 23 38 0
16.625 33 5 24 38 0
16.75 33 5 24 38 0
16.875 33 5 24 38 0
17 33 5 24 38 0
17.125 33 5 24 38 0
17.25 31 6 24 39 0
17.375 31 6 23 40 0
17.5 31 6 23 40 0
17.625 30 7 22 41 0
17.75 29 8 22 41 0
17.875 29 8 22 41 0
18 28 8 23 41 0
18.125 28 8 22 42 0
18.25 28 8 21 43 0
18.375 26 10 20 44 0
18.5 26 10 20 44 0
18.625 26 10 18 46 0
18.75 25 11 18 46 0
18.875 25 11 18 46 0
19 25 11 18 46 0
19.125 25 10 18 47 0
19.25 25 10 18 47 0
19.375 25 10 18 47 0
19.5 24 11 18 47 0
19.625 24 11 18 47 0
19.75 24 11 18 47 0
19.875 24 11 18 47 0
20 24 11 18 47 0
20.125 24 10 19 47 0
20.25 24 10 19 47 0
20.375 24 10 19 47 0
20.5 24 10 19 47 0
20.625 24 10 18 48 0
20.75 24 9 19 48 0
20.875 24 8 20 48 0
21 24 8 19 49 0
21.125 24 7 20 49 0
21.25 24 7 18 51 0
21.375 24 7 17 52 0
21.5 24 6 18 52 0
21.625 24 6 18 52 0
21.75 24 6 18 52 0
21.875 24 5 19 52 0
22 24 5 19 52 0
22.125 24 3 21 52 0
22.25 24 3 21 52 0
22.375 24 3 21 52 0
22.5 24 2 22 52 0
22.625 24 2 21 53 0
22.75 23 3 21 53 0
22.875 23 3 21 53 0
23 23 3 21 53 0
23.125 23 3 21 53 0
23.25 23 3 21 53 0
23.375 23 3 20 54 0
23.5 23 3 20 54 0
23.625 23 3 19 55 0
23.75 23 3 18 56 0
23.875 23 3 18 56 0
24 23 3 18 56 0
24.125 22 3 19 56 0
24.25 22 3 19 56 0
24.375 22 2 19 57 0
24.5 22 2 19 57 0
24.625 22 1 20 57 0
24.75 22 1 19 58 0
24.875 22 1 19 58 0
25 22 1 19 58 0
25.125 22 1 19 58 0
25.25 22 1 18 59 0
25.375 22 1 18 59 0
25.5 22 1 17 60 0
25.625 21 2 17 60 0
25.75 21 2 17 60 0
25.875 21 2 16 61 0
26 21 2 15 62 0
26.125 21 2 14 63 0
26.25 21 2 14 63 0
26.375 20 2 15 63 0
26.5 20 2 14 64 0
26.625 20 2 13 65 0
26.75 20 2 13 65 0
26.875 20 2 13 65 0
27 20 2 13 65 0
27.125 20 2 13 65 0
27.25 20 2 13 65 0
27.375 20 2 12 66 0
27.5 20 2 12 66 0
27.625 20 1 13 66 0
27.75 20 1 13 66 0
27.875 20 1 13 66 0
28 20 1 12 67 0
28.125 20 1 12 67 0
28.25 20 1 12 67 0
28.375 20 1 12 67 0
28.5 20 1 12 67 0
28.625 19 1 13 67 0
28.75 19 1 12 68 0
28.875 19 1 11 69 0
29 18 2 11 69 0
29.125 18 2 11 69 0
29.25 18 2 11 69 0
29.375 18 2 11 69 0
29.5 18 2 11 69 0
29.625 18 2 11 69 0
29.75 18 2 10 70 0
29.875 18 2 10 70 0
30 17 2 11 70 0
30.125 17 2 10 71 0
30.25 17 2 10 71 0
30.375 17 1 11 71 0
30.5 17 1 11 71 0
30.625 16 2 11 71 0
30.75 16 2 10 72 0
30.875 16 2 10 72 0
31 16 2 10 72 0
31.125 16 2 10 72 0
31.25 16 1 11 72 0
31.375 16 1 11 72 0
31.5 16 1 11 72 0
31.625 16 1 11 72 0
31.75 16 1 11 72 0
31.875 16 1 10 73 0
32 16 1 10 73 0
32.125 15 2 10 73 0
32.25 14 3 10 73 0
32.375 14 3 9 74 0
32.5 14 3 9 74 0
32.625 14 3 9 74 0
32.75 14 3 8 75 0
32.875 14 3 8 75 0
33 14 3 8 75 0
33.125 14 3 8 75 0
33.25 14 2 9 75 0
33.375 14 2 9 75 0
33.5 14 2 9 75 0
33.625 14 2 9 75 0
33.75 14 2 9 75 0
33.875 14 2 8 76 0
34 14 2 8 76 0
34.125 14 2 8 76 0
34.25 14 2 8 76 0
34.375 14 2 8 76 0
34.5 14 2 8 76 0
34.625 14 2 8 76 0
34.75 14 2 8 76 0
34.875 14 2 8 76 0
35 14 2 8 76 0
35.125 14 1 9 76 0
35.25 14 1 9 76 0
35.375 14 1 9 76 0
35.5 14 0 10 76 0
35.625 14 0 10 76 0
35.75 14 0 10 76 0
35.875 14 0 10 76 0
36 14 0 10 76 0
36.125 13 1 10 76 0
36.25 13 1 10 76 0
36.375 13 1 10 76 0
36.5 13 1 10 76 0
36.625 12 2 10 76 0
36.75 12 2 9 77 0
36.875 12 2 9 77 0
37 11 3 9 77 0
37.125 11 3 9 77 0
37.25 11 3 9 77 0
37.375 11 3 9 77 0
37.5 11 3 9 77 0
37.625 11 3 9 77 0
37.75 11 3 8 78 0
37.875 10 4 8 78 0
38 10 2 10 78 0
38.125 10 2 9 79 0
38.25 10 2 9 79 0
38.375 10 2 9 79 0
38.5 10 2 9 79 0
38.625 10 2 9 79 0
38.75 10 2 9 79 0
38.875 10 2 9 79 0
39 10 2 9 79 0
39.125 10 2 9 79 0
39.25 10 2 9 79 0
39.375 10 2 9 79 0
39.5 10 2 9 79 0
39.625 10 2 9 79 0
39.75 10 2 9 79 0
39.875 10 2 9 79 0
40 10 1 10 79 0
40.125 10 1 10 79 0
40.25 10 1 10 79 0
40.375 10 1 10 79 0
40.5 10 1 10 79 0
40.625 10 1 10 79 0
40.75 10 1 9 80 0
40.875 10 1 9 80 0
41 10 1 9 80 0
41.125 10 1 9 80 0
41.25 10 1 9 80 0
41.375 10 1 8 81 0
41.5 10 1 8 81 0
41.625 10 1 8 81 0
41.75 9 2 8 81 0
41.875 9 2 8 81 0
42 9 2 8 81 0
42.125 9 2 8 81 0
42.25 9 2 8 81 0
42.375 9 2 8 81 0
42.5 9 2 8 81 0
42.625 9 1 9 81 0
42.75 9 1 8 82 0
42.875 9 0 9 82 0
43 9 0 9 82 0
43.125 9 0 9 82 0
43.25 9 0 9 82 0
43.375 9 0 9 82 0
43.5 9 0 9 82 0
43.625 9 0 9 82 0
43.75 9 0 9 82 0
43.875 9 0 9 82 0
44 9 0 9 82 0
44.125 9 0 9 82 0
44.25 9 0 9 82 0
44.375 9 0 9 82 0
44.5 9 0 9 82 0
44.625 9 0 9 82 0
44.75 9 0 9 82 0
44.875 9 0 9 82 0
45 9 0 9 82 0
45.125 9 0 9 82 0
45.25 9 0 9 82 0
45.375 9 0 8 83 0
45.5 9 0 8 83 0
45.625 9 0 8 83 0
45.75 9 0 8 83 0
45.875 9 0 8 83 0
46 9 0 8 83 0
46.125 9 0 8 83 0
46.25 9 0 8 83 0
46.375 9 0 8 83 0
46.5 9 0 8 83 0
46.625 9 0 8 83 0
46.75 9 0 8 83 0
46.875 9 0 8 83 0
47 9 0 8 83 0
47.125 9 0 7 84 0
47.25 9 0 7 84 0
47.375 9 0 5 86 0
47.5 9 0 5 86 0
47.625 9 0 5 86 0
47.75 9 0 4 87 0
47.875 9 0 4 87 0
48 9 0 4 87 0
48.125 9 0 4 87 0
48.25 9 0 4 87 0
48.375 9 0 4 87 0
48.5 9 0 4 87 0
48.625 9 0 4 87 0
48.75 9 0 3 88 0
48.875 9 0 3 88 0
49 9 0 3 88 0
49.125 9 0 3 88 0
49.25 9 0 3 88 0
49.375 9 0 3 88 0
49.5 9 0 3 88 0
49.625 9 0 2 89 0
49.75 9 0 2 89 0
49.875 9 0 2 89 0
50 9 0 2 89 0
50.125 9 0 2 89 0
50.25 9 0 2 89 0
50.375 9 0 2 89 0
50.5 9 0 2 89 0
50.625 9 0 2 89 0
50.75 9 0 2 89 0
50.875 9 0 2 89 0
51 9 0 2 89 0
51.125 9 0 2 89 0
51.25 9 0 2 89 0
51.375 9 0 2 89 0
51.5 9 0 2 89 0
51.625 9 0 2 89 0
51.75 9 0 2 89 0
51.875 9 0 2 89 0
52 9 0 2 89 0
52.125 9 0 2 89 0
52.25 9 0 2 89 0
52.375 9 0 2 89 0
52.5 9 0 2 89 0
52.625 9 0 2 89 0
52.75 9 0 2 89 0
52.875 9 0 2 89 0
53 9 0 2 89 0
53.125 9 0 1 90 0
53.25 9 0 1 90 0
53.375 9 0 1 90 0
53.5 9 0 1 90 0
53.625 9 0 1 90 0
53.75 9 0 1 90 0
53.875 9 0 1 90 0
54 9 0 0 91 0
