t S E I R D
0 98 0 2 0 0
0.125 97 1 2 0 0
0.25 97 1 2 0 0
0.375 97 1 2 0 0
0.5 97 1 2 0 0
0.625 96 2 2 0 0
0.75 96 2 2 0 0
0.875 96 2 2 0 0
1 96 2 2 0 0
1.125 96 2 2 0 0
1.25 96 2 2 0 0
1.375 96 1 3 0 0
1.5 96 1 3 0 0
1.625 96 1 3 0 0
1.75 95 2 3 0 0
1.875 93 4 3 0 0
2 92 5 2 1 0
2.125 92 5 2 1 0
2.25 92 5 2 1 0
2.375 91 6 2 1 0
2.5 91 5 3 1 0
2.625 91 5 3 1 0
2.75 91 5 3 1 0
2.875 89 6 4 1 0
3 87 8 4 1 0
3.125 87 8 4 1 0
3.25 84 11 4 1 0
3.375 84 9 6 1 0
3.5 82 11 6 1 0
3.625 81 10 8 1 0
3.75 80 11 8 1 0
3.875 78 13 8 1 0
4 77 13 9 1 0
4.125 76 14 9 1 0
4.25 76 13 10 1 0
4.375 74 15 10 1 0
4.5 70 17 12 1 0
4.625 69 16 14 1 0
4.75 65 20 14 1 0
4.875 64 20 14 2 0
5 61 22 15 2 0
5.125 58 22 16 4 0
5.25 57 20 19 4 0
5.375 54 22 20 4 0
5.5 52 23 21 4 0
5.625 50 25 21 4 0
5.75 49 25 22 4 0
5.875 46 28 22 4 0
6 44 30 21 5 0
6.125 43 30 21 6 0
6.25 43 28 23 6 0
6.375 42 28 22 8 0
6.5 42 27 23 8 0
6.625 41 26 25 8 0
6.75 41 26 24 9 0
6.875 39 28 24 9 0
7 38 26 26 10 0
7.125 38 23 29 10 0
7.25 38 21 30 11 0
7.375 37 20 31 12 0
7.5 34 23 31 12 0
7.625 34 23 31 12 0
7.75 33 23 31 13 0
7.875 32 22 32 14 0
8 32 21 32 15 0
8.125 30 22 32 16 0
8.25 30 19 35 16 0
8.375 30 17 37 16 0
8.5 29 17 38 16 0
8.625 28 17 38 17 0
8.75 28 16 37 19 0
8.875 25 19 36 20 0
9 25 16 38 21 0
9.125 22 19 37 22 0
9.25 22 15 40 23 0
9.375 22 14 41 23 0
9.5 21 14 41 24 0
9.625 21 13 40 26 0
9.75 20 13 40 27 0
9.875 19 14 39 28 0
10 18 15 37 30 0
10.125 18 13 39 30 0
10.25 18 12 39 31 0
10.375 18 12 38 32 0
10.5 18 9 37 36 0
10.625 18 7 38 37 0
10.75 18 6 39 37 0
10.875 15 9 38 38 0
11 15 9 38 38 0
11.125 14 9 38 39 0
11.25 13 10 38 39 0
11.375 13 8 38 41 0
11.5 13 8 37 42 0
11.625 13 8 37 42 0
11.75 13 7 37 43 0
11.875 13 6 38 43 0
12 13 6 36 45 0
12.125 12 7 35 46 0
12.25 12 5 37 46 0
12.375 12 5 37 46 0
12.5 12 5 36 47 0
12.625 12 4 35 49 0
12.75 12 4 34 50 0
12.875 12 4 32 52 0
13 12 3 32 53 0
13.125 12 3 32 53 0
13.25 12 3 31 54 0
13.375 12 3 31 54 0
13.5 12 3 30 55 0
13.625 12 2 31 55 0
13.75 12 2 30 56 0
13.875 12 2 30 56 0
14 12 2 30 56 0
14.125 12 2 30 56 0
14.25 12 2 30 56 0
14.375 12 2 30 56 0
14.5 11 3 28 58 0
14.625 11 3 28 58 0
14.75 11 2 28 59 0
14.875 11 2 28 59 0
15 11 2 28 59 0
15.125 9 4 28 59 0
15.25 9 4 27 60 0
15.375 9 4 25 62 0
15.5 9 4 25 62 0
15.625 9 4 24 63 0
15.75 9 4 23 64 0
15.875 9 3 24 64 0
16 9 3 24 64 0
16.125 9 3 24 64 0
16.25 9 2 25 64 0
16.375 9 2 24 65 0
16.5 9 2 22 67 0
16.625 9 2 22 67 0
16.75 9 2 22 67 0
16.875 9 2 20 69 0
17 9 2 19 70 0
17.125 9 0 20 71 0
17.25 9 0 19 72 0
17.375 9 0 19 72 0
17.5 9 0 18 73 0
17.625 9 0 18 73 0
17.75 8 1 18 73 0
17.875 8 1 18 73 0
18 8 1 18 73 0
18.125 7 2 16 75 0
18.25 7 2 16 75 0
18.375 6 3 16 75 0
18.5 6 3 16 75 0
18.625 6 3 16 75 0
18.75 6 3 15 76 0
18.875 6 3 15 76 0
19 6 3 12 79 0
19.125 6 3 12 79 0
19.25 6 3 12 79 0
19.375 6 3 12 79 0
19.5 6 2 13 79 0
19.625 6 2 13 79 0
19.75 6 2 13 79 0
19.875 6 2 13 79 0
20 6 2 12 80 0
20.125 6 2 11 81 0
20.25 6 2 11 81 0
20.375 6 2 11 81 0
20.5 6 2 11 81 0
20.625 6 2 11 81 0
20.75 6 2 11 81 0
20.875 6 2 11 81 0
21 6 2 11 81 0
21.125 6 2 11 81 0
21.25 6 2 11 81 0
21.375 6 2 11 81 0
21.5 6 2 11 81 0
21.625 6 2 11 81 0
21.75 6 2 11 81 0
21.875 6 2 11 81 0
22 6 2 11 81 0
22.125 6 2 11 81 0
22.25 6 2 11 81 0
22.375 6 2 11 81 0
22.5 6 1 12 81 0
22.625 6 1 12 81 0
22.75 6 1 12 81 0
22.875 6 1 12 81 0
23 6 0 13 81 0
23.125 6 0 13 81 0
23.25 5 1 12 82 0
23.375 5 1 12 82 0
23.5 5 1 12 82 0
23.625 5 1 12 82 0
23.75 5 1 11 83 0
23.875 5 1 10 84 0
24 5 0 11 84 0
24.125 5 0 11 84 0
24.25 5 0 11 84 0
24.375 5 0 10 85 0
24.5 5 0 10 85 0
24.625 5 0 10 85 0
24.75 5 0 10 85 0
24.875 5 0 10 85 0
25 5 0 9 86 0
25.125 5 0 9 86 0
25.25 5 0 9 86 0
25.375 5 0 9 86 0
25.5 5 0 9 86 0
25.625 5 0 8 87 0
25.75 5 0 7 88 0
25.875 5 0 6 89 0
26 5 0 6 89 0
26.125 5 0 6 89 0
26.25 5 0 6 89 0
26.375 5 0 6 89 0
26.5 5 0 6 89 0
26.625 5 0 6 89 0
26.75 5 0 6 89 0
26.875 5 0 5 90 0
27 5 0 5 90 0
27.125 5 0 5 90 0
27.25 5 0 5 90 0
27.375 5 0 5 90 0
27.5 5 0 4 91 0
27.625 5 0 4 91 0
27.75 5 0 4 91 0
27.875 5 0 4 91 0
28 5 0 4 91 0
28.125 5 0 4 91 0
28.25 5 0 4 91 0
28.375 5 0 4 91 0
28.5 5 0 4 91 0
28.625 5 0 4 91 0
28.75 5 0 4 91 0
28.875 5 0 3 92 0
29 5 0 3 92 0
29.125 5 0 3 92 0
29.25 5 0 3 92 0
29.375 5 0 3 92 0
29.5 5 0 3 92 0
29.625 5 0 3 92 0
29.75 5 0 3 92 0
29.875 5 0 3 92 0
30 5 0 2 93 0
30.125 5 0 2 93 0
30.25 5 0 2 93 0
30.375 5 0 2 93 0
30.5 5 0 2 93 0
30.625 5 0 2 93 0
30.75 5 0 2 93 0
30.875 5 0 2 93 0
31 5 0 2 93 0
31.125 5 0 2 93 0
31.25 5 0 2 93 0
31.375 5 0 2 93 0
31.5 5 0 2 93 0
31.625 5 0 2 93 0
31.75 5 0 2 93 0
31.875 5 0 2 93 0
32 5 0 2 93 0
32.125 5 0 2 93 0
32.25 5 0 2 93 0
32.375 5 0 1 94 0
32.5 5 0 1 94 0
32.625 5 0 1 94 0
32.75 5 0 1 94 0
32.875 5 0 1 94 0
33 5 0 1 94 0
33.125 5 0 1 94 0
33.25 5 0 1 94 0
33.375 5 0 1 94 0
33.5 5 0 1 94 0
33.625 5 0 1 94 0
33.75 5 0 1 94 0
33.875 5 0 1 94 0
34 5 0 1 94 0
34.125 5 0 1 94 0
34.25 5 0 1 94 0
34.375 5 0 1 94 0
34.5 5 0 1 94 0
34.625 5 0 1 94 0
34.75 5 0 1 94 0
34.875 5 0 1 94 0
35 5 0 1 94 0
35.125 5 0 1 94 0
35.25 5 0 1 94 0
35.375 5 0 1 94 0
35.5 5 0 1 94 0
35.625 5 0 1 94 0
35.75 5 0 1 94 0
35.875 5 0 1 94 0
36 5 0 1 94 0
36.125 5 0 1 94 0
36.25 5 0 1 94 0
36.375 5 0 1 94 0
36.5 5 0 1 94 0
36.625 5 0 1 94 0
36.75 5 0 1 94 0
36.875 5 0 1 94 0
37 5 0 1 94 0
37.125 5 0 1 94 0
37.25 5 0 1 94 0
37.375 5 0 1 94 0
37.5 5 0 1 94 0
37.625 5 0 1 94 0
37.75 5 0 1 94 0
37.875 5 0 1 94 0
38 5 0 1 94 0
38.125 5 0 1 94 0
38.25 5 0 1 94 0
38.375 5 0 1 94 0
38.5 5 0 1 94 0
38.625 5 0 1 94 0
38.75 5 0 1 94 0
38.875 5 0 1 94 0
39 5 0 1 94 0
39.125 5 0 1 94 0
39.25 5 0 1 94 0
39.375 5 0 1 94 0
39.5 5 0 1 94 0
39.625 5 0 1 94 0
39.75 5 0 1 94 0
39.875 5 0 1 94 0
40 5 0 1 94 0
40.125 5 0 1 94 0
40.25 5 0 1 94 0
40.375 5 0 1 94 0
40.5 5 0 1 94 0
40.625 5 0 1 94 0
40.75 5 0 1 94 0
40.875 5 0 1 94 0
41 5 0 1 94 0
41.125 5 0 1 94 0
41.25 5 0 1 94 0
41.375 5 0 1 94 0
41.5 5 0 1 94 0
41.625 5 0 1 94 0
41.75 5 0 1 94 0
41.875 5 0 1 94 0
42 5 0 1 94 0
42.125 5 0 1 94 0
42.25 5 0 1 94 0
42.375 5 0 1 94 0
42.5 5 0 1 94 0
42.625 5 0 1 94 0
42.75 5 0 1 94 0
42.875 5 0 1 94 0
43 5 0 1 94 0
43.125 5 0 1 94 0
43.25 5 0 1 94 0
43.375 5 0 1 94 0
43.5 5 0 1 94 0
43.625 5 0 1 94 0
43.75 5 0 1 94 0
43.875 5 0 1 94 0
44 5 0 1 94 0
44.125 5 0 1 94 0
44.25 5 0 1 94 0
44.375 5 0 1 94 0
44.5 5 0 1 94 0
44.625 5 0 1 94 0
44.75 5 0 1 94 0
44.875 5 0 1 94 0
45 5 0 1 94 0
45.125 5 0 1 94 0
45.25 5 0 1 94 0
45.375 5 0 1 94 0
45.5 5 0 1 94 0
45.625 5 0 1 94 0
45.75 5 0 1 94 0
45.875 5 0 1 94 0
46 5 0 1 94 0
46.125 5 0 1 94 0
46.25 5 0 1 94 0
46.375 5 0 1 94 0
46.5 5 0 1 94 0
46.625 5 0 1 94 0
46.75 5 0 1 94 0
46.875 5 0 1 94 0
47 5 0 1 94 0
47.125 5 0 1 94 0
47.25 5 0 1 94 0
47.375 5 0 1 94 0
47.5 5 0 1 94 0
47.625 5 0 0 95 0
