t S E I R D
0 98 0 2 0 0
0.125 97 1 2 0 0
0.25 97 1 2 0 0
0.375 97 1 2 0 0
0.5 97 1 2 0 0
0.625 97 1 2 0 0
0.75 97 1 1 1 0
0.875 97 1 1 1 0
1 96 2 1 1 0
1.125 96 2 0 2 0
1.25 96 2 0 2 0
1.375 96 1 1 2 0
1.5 95 1 2 2 0
1.625 95 1 2 2 0
1.75 95 1 2 2 0
1.875 95 1 2 2 0
2 95 1 2 2 0
2.125 95 1 2 2 0
2.25 94 2 2 2 0
2.375 94 2 2 2 0
2.5 94 2 2 2 0
2.625 94 2 2 2 0
2.75 94 2 2 2 0
2.875 94 2 2 2 0
3 94 1 3 2 0
3.125 93 1 4 2 0
3.25 93 1 4 2 0
3.375 92 2 4 2 0
3.5 91 3 4 2 0
3.625 91 3 4 2 0
3.75 91 3 4 2 0
3.875 88 6 4 2 0
4 87 7 4 2 0
4.125 86 6 6 2 0
4.25 83 9 6 2 0
4.375 83 9 6 2 0
4.5 83 9 6 2 0
4.625 82 10 6 2 0
4.75 81 10 6 3 0
4.875 80 9 8 3 0
5 80 9 8 3 0
5.125 80 9 8 3 0
5.25 78 10 9 3 0
5.375 78 8 11 3 0
5.5 78 8 10 4 0
5.625 77 8 11 4 0
5.75 77 8 10 5 0
5.875 76 8 11 5 0
6 76 7 12 5 0
6.125 74 8 13 5 0
6.25 74 6 15 5 0
6.375 74 6 15 5 0
6.5 74 5 16 5 0
6.625 74 4 17 5 0
6.75 74 4 16 6 0
6.875 74 3 17 6 0
7 73 4 16 7 0
7.125 72 5 16 7 0
7.25 72 5 16 7 0
7.375 70 7 16 7 0
7.5 68 9 14 9 0
7.625 67 9 14 10 0
7.75 67 9 13 11 0
7.875 66 10 13 11 0
8 65 10 14 11 0
8.125 65 9 15 11 0
8.25 64 10 14 12 0
8.375 64 10 13 13 0
8.5 62 11 14 13 0
8.625 62 10 15 13 0
8.75 61 10 15 14 0
8.875 61 10 15 14 0
9 61 10 15 14 0
9.125 61 10 15 14 0
9.25 61 10 15 14 0
9.375 61 9 16 14 0
9.5 60 10 15 15 0
9.625 60 9 16 15 0
9.75 60 9 16 15 0
9.875 60 8 17 15 0
10 60 8 17 15 0
10.125 60 8 16 16 0
10.25 60 8 16 16 0
10.375 60 6 17 17 0
10.5 60 4 19 17 0
10.625 59 5 19 17 0
10.75 58 6 18 18 0
10.875 57 6 19 18 0
11 55 8 18 19 0
11.125 55 7 18 20 0
11.25 55 6 19 20 0
11.375 54 4 22 20 0
11.5 53 5 22 20 0
11.625 52 6 22 20 0
11.75 51 6 21 22 0
11.875 50 6 22 22 0
12 50 6 22 22 0
12.125 50 6 21 23 0
12.25 50 6 21 23 0
12.375 48 8 20 24 0
12.5 48 7 20 25 0
12.625 48 7 20 25 0
12.75 47 8 20 25 0
12.875 47 8 19 26 0
13 47 8 18 27 0
13.125 46 8 19 27 0
13.25 46 8 19 27 0
13.375 44 10 19 27 0
13.5 43 11 19 27 0
13.625 43 11 19 27 0
13.75 43 10 20 27 0
13.875 42 11 20 27 0
14 41 10 22 27 0
14.125 40 11 22 27 0
14.25 39 11 22 28 0
14.375 39 11 22 28 0
14.5 39 11 21 29 0
14.625 38 11 22 29 0
14.75 38 10 21 31 0
14.875 38 10 21 31 0
15 38 10 21 31 0
15.125 37 10 21 32 0
15.25 37 10 21 32 0
15.375 37 9 22 32 0
15.5 37 8 22 33 0
15.625 37 8 22 33 0
15.75 37 7 22 34 0
15.875 37 7 21 35 0
16 37 7 21 35 0
16.125 37 7 21 35 0
16.25 35 7 23 35 0
16.375 35 7 23 35 0
16.5 35 6 22 37 0
16.625 35 6 21 38 0
16.75 35 6 20 39 0
16.875 34 6 18 42 0
17 34 6 17 43 0
17.125 34 6 17 43 0
17.25 33 5 19 43 0
17.375 33 5 18 44 0
17.5 33 4 19 44 0
17.625 33 3 20 44 0
17.75 33 3 20 44 0
17.875 33 3 20 44 0
18 33 3 19 45 0
18.125 32 4 19 45 0
18.25 32 4 18 46 0
18.375 31 5 18 46 0
18.5 31 5 18 46 0
18.625 31 5 17 47 0
18.75 31 5 17 47 0
18.875 31 5 17 47 0
19 29 7 16 48 0
19.125 29 6 17 48 0
19.25 29 5 18 48 0
19.375 29 5 18 48 0
19.5 29 5 18 48 0
19.625 29 3 19 49 0
19.75 29 3 19 49 0
19.875 29 3 18 50 0
20 28 4 18 50 0
20.125 28 4 17 51 0
20.25 28 3 17 51 1
20.375 28 3 17 51 1
20.5 26 5 17 51 1
20.625 26 5 15 53 1
20.75 26 5 15 53 1
20.875 26 5 15 53 1
21 26 4 15 54 1
21.125 26 4 14 55 1
21.25 26 4 13 56 1
21.375 26 3 14 56 1
21.5 26 3 14 56 1
21.625 26 3 12 58 1
21.75 26 3 12 58 1
21.875 26 3 11 59 1
22 26 2 12 59 1
22.125 26 2 12 59 1
22.25 26 2 10 61 1
22.375 25 3 9 62 1
22.5 25 3 9 62 1
22.625 25 2 10 62 1
22.75 25 2 9 63 1
22.875 25 2 9 63 1
23 25 2 9 63 1
23.125 25 2 9 63 1
23.25 25 2 9 63 1
23.375 25 2 9 63 1
23.5 25 2 9 63 1
23.625 25 2 9 63 1
23.75 25 2 9 63 1
23.875 25 2 8 64 1
24 25 1 9 64 1
24.125 25 1 9 64 1
24.25 25 1 9 64 1
24.375 25 1 9 64 1
24.5 25 1 9 64 1
24.625 25 1 9 64 1
24.75 25 1 9 64 1
24.875 25 1 9 64 1
25 25 1 9 64 1
25.125 25 0 10 64 1
25.25 25 0 10 64 1
25.375 25 0 9 65 1
25.5 25 0 9 65 1
25.625 25 0 9 65 1
25.75 25 0 9 65 1
25.875 25 0 9 65 1
26 25 0 9 65 1
26.125 25 0 9 65 1
26.25 25 0 8 66 1
26.375 25 0 7 67 1
26.5 25 0 7 67 1
26.625 24 1 7 67 1
26.75 24 1 7 67 1
26.875 24 1 7 67 1
27 24 1 7 67 1
27.125 24 1 7 67 1
27.25 24 1 7 67 1
27.375 24 1 7 67 1
27.5 24 1 7 67 1
27.625 24 1 6 68 1
27.75 24 1 6 68 1
27.875 24 1 6 68 1
28 24 1 6 68 1
28.125 24 1 6 68 1
28.25 24 1 6 68 1
28.375 24 1 6 68 1
28.5 24 1 5 69 1
28.625 24 1 5 69 1
28.75 24 0 6 69 1
28.875 24 0 6 69 1
29 24 0 6 69 1
29.125 24 0 6 69 1
29.25 24 0 6 69 1
29.375 24 0 5 70 1
29.5 24 0 4 71 1
29.625 24 0 2 73 1
29.75 24 0 2 73 1
29.875 24 0 2 73 1
30 24 0 2 73 1
30.125 24 0 2 73 1
30.25 24 0 2 73 1
30.375 24 0 2 73 1
30.5 24 0 2 73 1
30.625 24 0 2 73 1
30.75 24 0 2 73 1
30.875 24 0 2 73 1
31 24 0 2 73 1
31.125 24 0 2 73 1
31.25 24 0 2 73 1
31.375 24 0 2 73 1
31.5 24 0 2 73 1
31.625 24 0 2 73 1
31.75 24 0 2 73 1
31.875 24 0 2 73 1
32 23 1 2 73 1
32.125 23 1 2 73 1
32.25 23 1 2 73 1
32.375 23 1 2 73 1
32.5 23 1 2 73 1
32.625 23 1 2 73 1
32.75 23 0 3 73 1
32.875 23 0 3 73 1
33 23 0 3 73 1
33.125 23 0 3 73 1
33.25 23 0 3 73 1
33.375 23 0 3 73 1
33.5 23 0 3 73 1
33.625 23 0 3 73 1
33.75 23 0 3 73 1
33.875 23 0 3 73 1
34 23 0 3 73 1
34.125 23 0 3 73 1
34.25 22 1 3 73 1
34.375 22 1 2 74 1
34.5 22 1 2 74 1
34.625 22 1 1 75 1
34.75 22 1 1 75 1
34.875 22 1 1 75 1
35 22 1 1 75 1
35.125 22 1 1 75 1
35.25 22 1 1 75 1
35.375 22 1 1 75 1
35.5 22 1 1 75 1
35.625 22 1 1 75 1
35.75 22 1 1 75 1
35.875 22 1 1 75 1
36 22 1 1 75 1
36.125 22 1 1 75 1
36.25 22 1 1 75 1
36.375 22 1 1 75 1
36.5 22 1 1 75 1
36.625 22 1 1 75 1
36.75 22 0 2 75 1
36.875 22 0 2 75 1
37 22 0 2 75 1
37.125 22 0 2 75 1
37.25 22 0 2 75 1
37.375 22 0 2 75 1
37.5 21 1 2 75 1
37.625 21 1 2 75 1
37.75 21 1 2 75 1
37.875 21 1 2 75 1
38 21 1 2 75 1
38.125 21 1 2 75 1
38.25 21 1 2 75 1
38.375 21 1 2 75 1
38.5 21 1 2 75 1
38.625 21 1 2 75 1
38.75 21 1 2 75 1
38.875 21 1 2 75 1
39 21 1 2 75 1
39.125 21 1 2 75 1
39.25 21 1 2 75 1
39.375 21 1 2 75 1
39.5 21 1 2 75 1
39.625 21 1 2 75 1
39.75 21 1 2 75 1
39.875 21 0 3 75 1
40 21 0 3 75 1
40.125 21 0 3 75 1
40.25 21 0 3 75 1
40.375 21 0 3 75 1
40.5 21 0 3 75 1
40.625 21 0 3 75 1
40.75 21 0 3 75 1
40.875 21 0 3 75 1
41 21 0 3 75 1
41.125 21 0 3 75 1
41.25 21 0 3 75 1
41.375 21 0 3 75 1
41.5 21 0 3 75 1
41.625 21 0 3 75 1
41.75 21 0 3 75 1
41.875 21 0 3 75 1
42 21 0 3 75 1
42.125 21 0 3 75 1
42.25 21 0 3 75 1
42.375 21 0 3 75 1
42.5 21 0 3 75 1
42.625 21 0 3 75 1
42.75 21 0 3 75 1
42.875 21 0 3 75 1
43 21 0 3 75 1
43.125 21 0 3 75 1
43.25 21 0 2 76 1
43.375 21 0 2 76 1
43.5 21 0 2 76 1
43.625 21 0 2 76 1
43.75 21 0 2 76 1
43.875 21 0 2 76 1
44 20 1 2 76 1
44.125 20 1 2 76 1
44.25 20 1 2 76 1
44.375 20 1 2 76 1
44.5 20 1 2 76 1
44.625 20 1 2 76 1
44.75 20 1 2 76 1
44.875 20 1 2 76 1
45 20 0 3 76 1
45.125 20 0 3 76 1
45.25 20 0 3 76 1
45.375 20 0 3 76 1
45.5 20 0 3 76 1
45.625 20 0 3 76 1
45.75 20 0 3 76 1
45.875 20 0 3 76 1
46 20 0 3 76 1
46.125 20 0 3 76 1
46.25 20 0 3 76 1
46.375 20 0 3 76 1
46.5 20 0 3 76 1
46.625 20 0 3 76 1
46.75 20 0 3 76 1
46.875 20 0 3 76 1
47 20 0 3 76 1
47.125 20 0 3 76 1
47.25 20 0 3 76 1
47.375 20 0 3 76 1
47.5 20 0 3 76 1
47.625 20 0 3 76 1
47.75 20 0 2 77 1
47.875 20 0 2 77 1
48 20 0 2 77 1
48.125 20 0 2 77 1
48.25 20 0 2 77 1
48.375 20 0 2 77 1
48.5 20 0 2 77 1
48.625 20 0 2 77 1
48.75 20 0 2 77 1
48.875 20 0 2 77 1
49 20 0 2 77 1
49.125 20 0 2 77 1
49.25 20 0 1 78 1
49.375 20 0 1 78 1
49.5 20 0 1 78 1
49.625 20 0 0 79 1
