t S E I R D
0 98 0 2 0 0
0.125 97 1 2 0 0
0.25 97 1 2 0 0
0.375 97 1 2 0 0
0.5 97 1 2 0 0
0.625 97 1 2 0 0
0.75 97 1 2 0 0
0.875 97 1 2 0 0
1 97 1 2 0 0
1.125 97 1 2 0 0
1.25 97 1 2 0 0
1.375 97 0 3 0 0
1.5 97 0 3 0 0
1.625 97 0 3 0 0
1.75 97 0 3 0 0
1.875 97 0 3 0 0
2 97 0 3 0 0
2.125 97 0 2 1 0
2.25 97 0 2 1 0
2.375 97 0 2 1 0
2.5 97 0 2 1 0
2.625 97 0 2 1 0
2.75 97 0 2 1 0
2.875 97 0 2 1 0
3 97 0 2 1 0
3.125 97 0 2 1 0
3.25 97 0 2 1 0
3.375 97 0 2 1 0
3.5 97 0 2 1 0
3.625 97 0 2 1 0
3.75 97 0 2 1 0
3.875 97 0 2 1 0
4 97 0 2 1 0
4.125 97 0 2 1 0
4.25 97 0 2 1 0
4.375 97 0 2 1 0
4.5 97 0 2 1 0
4.625 97 0 2 1 0
4.75 97 0 2 1 0
4.875 97 0 2 1 0
5 97 0 2 1 0
5.125 97 0 2 1 0
5.25 97 0 1 2 0
5.375 97 0 1 2 0
5.5 97 0 1 2 0
5.625 97 0 1 2 0
5.75 97 0 1 2 0
5.875 97 0 1 2 0
6 97 0 1 2 0
6.125 97 0 1 2 0
6.25 97 0 1 2 0
6.375 97 0 1 2 0
6.5 97 0 1 2 0
6.625 97 0 1 2 0
6.75 97 0 1 2 0
6.875 97 0 1 2 0
7 97 0 1 2 0
7.125 97 0 1 2 0
7.25 97 0 1 2 0
7.375 96 1 1 2 0
7.5 96 0 2 2 0
7.625 95 1 2 2 0
7.75 95 1 2 2 0
7.875 93 3 2 2 0
8 92 4 2 2 0
8.125 91 5 2 2 0
8.25 89 7 2 2 0
8.375 89 7 2 2 0
8.5 88 8 2 2 0
8.625 87 9 2 2 0
8.75 87 9 2 2 0
8.875 87 9 2 2 0
9 86 10 2 2 0
9.125 84 11 3 2 0
9.25 84 10 4 2 0
9.375 84 10 4 2 0
9.5 83 11 4 2 0
9.625 81 12 5 2 0
9.75 81 12 5 2 0
9.875 81 12 5 2 0
10 81 11 5 3 0
10.125 81 10 5 4 0
10.25 81 10 5 4 0
10.375 81 10 5 4 0
10.5 80 9 7 4 0
10.625 80 9 7 4 0
10.75 79 10 7 4 0
10.875 78 11 7 4 0
11 78 10 8 4 0
11.125 78 10 8 4 0
11.25 77 11 8 4 0
11.375 77 10 9 4 0
11.5 77 9 10 4 0
11.625 77 7 12 4 0
11.75 76 7 13 4 0
11.875 73 9 14 4 0
12 72 9 15 4 0
12.125 72 7 16 5 0
12.25 71 8 16 5 0
12.375 71 8 15 6 0
12.5 70 7 17 6 0
12.625 67 10 17 6 0
12.75 66 10 18 6 0
12.875 64 12 18 6 0
13 61 13 20 6 0
13.125 61 12 21 6 0
13.25 59 14 20 7 0
13.375 58 14 21 7 0
13.5 58 14 21 7 0
13.625 57 15 20 8 0
13.75 57 15 20 8 0
13.875 53 16 23 8 0
14 52 14 25 9 0
14.125 52 13 26 9 0
14.25 51 13 27 9 0
14.375 51 11 29 9 0
14.5 51 10 29 10 0
14.625 50 11 28 11 0
14.75 48 13 28 11 0
14.875 47 13 29 11 0
15 46 11 32 11 0
15.125 46 10 33 11 0
15.25 45 9 35 11 0
15.375 45 7 36 12 0
15.5 44 7 37 12 0
15.625 42 9 36 13 0
15.75 42 9 34 15 0
15.875 39 12 32 17 0
16 37 14 30 19 0
16.125 35 16 29 20 0
16.25 33 18 27 22 0
16.375 33 15 28 24 0
16.5 32 16 27 25 0
16.625 32 16 26 26 0
16.75 32 14 28 26 0
16.875 32 13 29 26 0
17 30 15 29 26 0
17.125 30 12 32 26 0
17.25 29 11 32 28 0
17.375 28 10 34 28 0
17.5 26 9 37 28 0
17.625 26 9 36 29 0
17.75 24 10 36 30 0
17.875 23 11 36 30 0
18 23 11 35 31 0
18.125 23 10 35 32 0
18.25 22 11 35 32 0
18.375 22 10 35 33 0
18.5 22 10 34 34 0
18.625 22 10 34 34 0
18.75 22 9 35 34 0
18.875 21 7 37 35 0
19 21 6 35 38 0
19.125 21 4 36 39 0
19.25 21 3 37 39 0
19.375 21 3 37 39 0
19.5 21 3 36 40 0
19.625 20 4 36 40 0
19.75 20 4 36 40 0
19.875 20 3 37 40 0
20 18 5 36 41 0
20.125 17 5 37 41 0
20.25 16 4 37 43 0
20.375 16 3 38 43 0
20.5 16 3 38 43 0
20.625 16 3 38 43 0
20.75 16 3 37 44 0
20.875 16 3 36 45 0
21 16 2 36 46 0
21.125 15 3 36 46 0
21.25 15 2 37 46 0
21.375 15 2 37 46 0
21.5 14 3 37 46 0
21.625 13 3 37 47 0
21.75 13 3 37 47 0
21.875 13 3 37 47 0
22 13 3 36 48 0
22.125 12 4 36 48 0
22.25 11 5 36 48 0
22.375 11 4 34 51 0
22.5 11 4 34 51 0
22.625 11 4 34 51 0
22.75 11 4 32 53 0
22.875 11 4 31 54 0
23 11 3 31 55 0
23.125 10 4 31 55 0
23.25 10 4 29 57 0
23.375 10 4 29 57 0
23.5 10 4 29 57 0
23.625 10 4 29 57 0
23.75 10 4 29 57 0
23.875 10 4 28 58 0
24 10 4 28 58 0
24.125 10 4 27 59 0
24.25 10 4 27 59 0
24.375 10 2 29 59 0
24.5 10 1 29 60 0
24.625 10 0 29 61 0
24.75 10 0 29 61 0
24.875 10 0 28 62 0
25 10 0 27 63 0
25.125 9 1 27 63 0
25.25 9 1 27 63 0
25.375 9 0 28 63 0
25.5 9 0 28 63 0
25.625 9 0 28 63 0
25.75 9 0 28 63 0
25.875 9 0 28 63 0
26 9 0 27 64 0
26.125 9 0 26 65 0
26.25 9 0 26 65 0
26.375 9 0 26 65 0
26.5 9 0 26 65 0
26.625 9 0 25 66 0
26.75 9 0 23 68 0
26.875 9 0 23 68 0
27 9 0 23 68 0
27.125 8 1 23 68 0
27.25 8 1 23 68 0
27.375 8 0 23 69 0
27.5 8 0 22 70 0
27.625 8 0 22 70 0
27.75 8 0 21 71 0
27.875 8 0 21 71 0
28 8 0 20 72 0
28.125 8 0 20 72 0
28.25 8 0 19 73 0
28.375 8 0 17 75 0
28.5 8 0 17 75 0
28.625 8 0 17 75 0
28.75 8 0 17 75 0
28.875 8 0 17 75 0
29 8 0 17 75 0
29.125 8 0 17 75 0
29.25 8 0 17 75 0
29.375 8 0 17 75 0
29.5 8 0 16 76 0
29.625 8 0 16 76 0
29.75 8 0 16 76 0
29.875 8 0 16 76 0
30 8 0 16 76 0
30.125 8 0 15 77 0
30.25 8 0 15 77 0
30.375 8 0 15 77 0
30.5 7 1 15 77 0
30.625 7 1 15 77 0
30.75 7 1 15 77 0
30.875 7 1 15 77 0
31 7 0 16 77 0
31.125 7 0 15 78 0
31.25 7 0 15 78 0
31.375 7 0 14 79 0
31.5 7 0 13 80 0
31.625 7 0 13 80 0
31.75 7 0 13 80 0
31.875 7 0 13 80 0
32 7 0 13 80 0
32.125 7 0 13 80 0
32.25 7 0 13 80 0
32.375 7 0 13 80 0
32.5 7 0 13 80 0
32.625 7 0 12 81 0
32.75 7 0 11 82 0
32.875 7 0 10 83 0
33 7 0 10 83 0
33.125 7 0 10 83 0
33.25 7 0 9 84 0
33.375 7 0 8 85 0
33.5 7 0 8 85 0
33.625 7 0 8 85 0
33.75 7 0 7 86 0
33.875 7 0 7 86 0
34 7 0 7 86 0
34.125 7 0 7 86 0
34.25 7 0 7 86 0
34.375 7 0 7 86 0
34.5 7 0 7 86 0
34.625 7 0 7 86 0
34.75 7 0 7 86 0
34.875 7 0 5 88 0
35 7 0 5 88 0
35.125 7 0 5 88 0
35.25 7 0 4 89 0
35.375 7 0 4 89 0
35.5 7 0 4 89 0
35.625 7 0 4 89 0
35.75 7 0 4 89 0
35.875 7 0 4 89 0
36 7 0 4 89 0
36.125 7 0 4 89 0
36.25 7 0 4 89 0
36.375 7 0 4 89 0
36.5 7 0 4 89 0
36.625 7 0 4 89 0
36.75 7 0 4 89 0
36.875 7 0 4 89 0
37 7 0 4 89 0
37.125 7 0 4 89 0
37.25 7 0 4 89 0
37.375 7 0 4 89 0
37.5 7 0 4 89 0
37.625 7 0 4 89 0
37.75 7 0 4 89 0
37.875 7 0 4 89 0
38 7 0 4 89 0
38.125 7 0 4 89 0
38.25 7 0 4 89 0
38.375 7 0 3 90 0
38.5 7 0 3 90 0
38.625 7 0 3 90 0
38.75 7 0 3 90 0
38.875 7 0 3 90 0
39 7 0 3 90 0
39.125 7 0 3 90 0
39.25 7 0 3 90 0
39.375 7 0 3 90 0
39.5 7 0 3 90 0
39.625 7 0 3 90 0
39.75 7 0 3 90 0
39.875 7 0 3 90 0
40 7 0 3 90 0
40.125 7 0 3 90 0
40.25 7 0 3 90 0
40.375 7 0 3 90 0
40.5 7 0 3 90 0
40.625 7 0 2 91 0
40.75 7 0 2 91 0
40.875 7 0 2 91 0
41 7 0 2 91 0
41.125 7 0 2 91 0
41.25 7 0 2 91 0
41.375 7 0 2 91 0
41.5 7 0 2 91 0
41.625 7 0 2 91 0
41.75 7 0 2 91 0
41.875 7 0 2 91 0
42 7 0 2 91 0
42.125 7 0 2 91 0
42.25 7 0 2 91 0
42.375 7 0 2 91 0
42.5 7 0 2 91 0
42.625 7 0 2 91 0
42.75 7 0 2 91 0
42.875 7 0 2 91 0
43 7 0 2 91 0
43.125 7 0 2 91 0
43.25 7 0 2 91 0
43.375 7 0 2 91 0
43.5 7 0 2 91 0
43.625 7 0 2 91 0
43.75 7 0 2 91 0
43.875 7 0 2 91 0
44 7 0 2 91 0
44.125 7 0 2 91 0
44.25 7 0 2 91 0
44.375 7 0 2 91 0
44.5 7 0 2 91 0
44.625 7 0 2 91 0
44.75 7 0 2 91 0
44.875 7 0 2 91 0
45 7 0 1 92 0
45.125 7 0 1 92 0
45.25 7 0 1 92 0
45.375 7 0 1 92 0
45.5 7 0 1 92 0
45.625 7 0 1 92 0
45.75 7 0 1 92 0
45.875 7 0 1 92 0
46 7 0 1 92 0
46.125 7 0 1 92 0
46.25 7 0 1 92 0
46.375 7 0 1 92 0
46.5 7 0 1 92 0
46.625 7 0 1 92 0
46.75 7 0 1 92 0
46.875 7 0 1 92 0
47 7 0 1 92 0
47.125 7 0 1 92 0
47.25 7 0 1 92 0
47.375 7 0 1 92 0
47.5 7 0 1 92 0
47.625 7 0 1 92 0
47.75 7 0 1 92 0
47.875 7 0 1 92 0
48 7 0 1 92 0
48.125 7 0 1 92 0
48.25 7 0 0 93 0
