t S E I R D
0 98 0 2 0 0
0.125 95 3 2 0 0
0.25 95 3 2 0 0
0.375 95 3 0 2 0
0.5 95 3 0 2 0
0.625 95 3 0 2 0
0.75 95 3 0 2 0
0.875 95 3 0 2 0
1 95 2 1 2 0
1.125 95 2 1 2 0
1.25 95 1 2 2 0
1.375 95 1 2 2 0
1.5 94 2 2 2 0
1.625 94 2 2 2 0
1.75 94 2 2 2 0
1.875 94 2 2 2 0
2 94 2 2 2 0
2.125 94 2 1 3 0
2.25 94 2 1 3 0
2.375 94 2 1 3 0
2.5 94 1 2 3 0
2.625 94 1 2 3 0
2.75 94 0 3 3 0
2.875 94 0 3 3 0
3 94 0 3 3 0
3.125 94 0 2 4 0
3.25 94 0 2 4 0
3.375 94 0 2 4 0
3.5 94 0 2 4 0
3.625 92 2 2 4 0
3.75 92 2 2 4 0
3.875 92 2 2 4 0
4 92 2 2 4 0
4.125 92 2 2 4 0
4.25 92 2 2 4 0
4.375 92 2 2 4 0
4.5 92 2 2 4 0
4.625 92 2 2 4 0
4.75 92 1 3 4 0
4.875 91 2 3 4 0
5 91 2 3 4 0
5.125 91 2 3 4 0
5.25 91 2 3 4 0
5.375 91 2 3 4 0
5.5 91 1 4 4 0
5.625 90 2 4 4 0
5.75 89 3 4 4 0
5.875 89 3 4 4 0
6 89 2 5 4 0
6.125 89 2 5 4 0
6.25 89 2 4 5 0
6.375 89 2 4 5 0
6.5 88 3 4 5 0
6.625 88 2 5 5 0
6.75 86 4 5 5 0
6.875 86 4 5 5 0
7 85 5 5 5 0
7.125 84 6 5 5 0
7.25 84 6 5 5 0
7.375 82 8 5 5 0
7.5 82 8 5 5 0
7.625 82 7 6 5 0
7.75 82 7 6 5 0
7.875 82 7 6 5 0
8 81 7 7 5 0
8.125 80 8 7 5 0
8.25 79 9 7 5 0
8.375 78 8 9 5 0
8.5 74 11 9 6 0
8.625 72 13 9 6 0
8.75 70 14 10 6 0
8.875 69 13 12 6 0
9 67 14 13 6 0
9.125 64 16 14 6 0
9.25 63 17 14 6 0
9.375 62 18 14 6 0
9.5 60 18 16 6 0
9.625 58 18 17 7 0
9.75 58 17 18 7 0
9.875 56 19 18 7 0
10 56 19 18 7 0
10.125 54 19 20 7 0
10.25 52 18 22 8 0
10.375 50 20 21 8 1
10.5 49 18 24 8 1
10.625 49 17 25 8 1
10.75 49 17 24 9 1
10.875 49 17 24 9 1
11 47 17 24 11 1
11.125 47 15 25 12 1
11.25 45 16 26 12 1
11.375 45 15 27 12 1
11.5 45 14 28 12 1
11.625 45 13 29 12 1
11.75 44 12 31 12 1
11.875 44 12 30 13 1
12 42 11 30 16 1
12.125 41 12 30 16 1
12.25 41 12 30 16 1
12.375 41 12 30 16 1
12.5 41 12 30 16 1
12.625 39 14 30 16 1
12.75 39 14 29 17 1
12.875 39 13 29 18 1
13 36 15 30 18 1
13.125 36 12 33 18 1
13.25 36 10 35 18 1
13.375 36 9 36 18 1
13.5 36 8 37 18 1
13.625 35 9 37 18 1
13.75 35 9 36 19 1
13.875 35 9 35 20 1
14 35 9 35 20 1
14.125 34 10 32 23 1
14.25 34 10 32 23 1
14.375 32 12 32 23 1
14.5 32 11 32 24 1
14.625 32 10 33 24 1
14.75 30 12 32 25 1
14.875 29 11 33 26 1
15 29 9 34 27 1
15.125 27 11 34 27 1
15.25 26 11 35 27 1
15.375 25 12 35 27 1
15.5 24 11 36 28 1
15.625 22 12 37 28 1
15.75 22 11 37 29 1
15.875 21 12 37 29 1
16 21 11 37 30 1
16.125 21 10 37 31 1
16.25 21 9 38 31 1
16.375 21 8 39 31 1
16.5 21 8 39 31 1
16.625 21 8 37 33 1
16.75 21 7 37 34 1
16.875 21 7 36 35 1
17 21 5 37 36 1
17.125 21 5 37 36 1
17.25 20 6 36 37 1
17.375 20 6 36 37 1
17.5 20 5 37 37 1
17.625 20 5 37 37 1
17.75 20 5 37 37 1
17.875 20 5 37 37 1
18 20 4 37 38 1
18.125 20 4 37 38 1
18.25 19 5 37 38 1
18.375 18 6 36 39 1
18.5 18 5 37 39 1
18.625 15 8 35 41 1
18.75 15 8 35 41 1
18.875 14 8 35 42 1
19 13 9 34 43 1
19.125 13 9 33 44 1
19.25 13 9 32 45 1
19.375 13 9 31 46 1
19.5 12 9 32 46 1
19.625 12 8 33 46 1
19.75 12 8 33 46 1
19.875 12 7 33 47 1
20 12 7 33 47 1
20.125 12 7 31 49 1
20.25 12 7 31 49 1
20.375 12 7 29 51 1
20.5 11 6 31 51 1
20.625 10 7 30 52 1
20.75 10 7 30 52 1
20.875 10 6 31 52 1
21 10 6 31 52 1
21.125 10 6 31 52 1
21.25 10 5 31 53 1
21.375 10 4 32 53 1
21.5 10 4 31 54 1
21.625 10 4 31 54 1
21.75 10 4 30 55 1
21.875 10 4 30 55 1
22 10 3 31 55 1
22.125 10 3 31 55 1
22.25 10 3 31 55 1
22.375 10 3 28 58 1
22.5 10 2 29 58 1
22.625 10 2 28 59 1
22.75 10 2 26 61 1
22.875 9 3 25 62 1
23 9 1 26 63 1
23.125 9 1 25 64 1
23.25 9 1 24 65 1
23.375 9 1 24 65 1
23.5 9 1 24 65 1
23.625 9 0 25 65 1
23.75 9 0 25 65 1
23.875 9 0 25 65 1
24 9 0 25 65 1
24.125 9 0 25 65 1
24.25 9 0 24 66 1
24.375 9 0 23 67 1
24.5 9 0 22 68 1
24.625 9 0 22 68 1
24.75 9 0 21 69 1
24.875 8 1 20 70 1
25 8 1 20 70 1
25.125 8 1 20 70 1
25.25 8 0 21 70 1
25.375 8 0 21 70 1
25.5 8 0 21 70 1
25.625 8 0 21 70 1
25.75 8 0 21 70 1
25.875 8 0 21 70 1
26 8 0 21 70 1
26.125 8 0 19 72 1
26.25 8 0 19 72 1
26.375 8 0 19 72 1
26.5 7 1 19 72 1
26.625 7 1 19 72 1
26.75 7 1 19 72 1
26.875 7 1 19 72 1
27 7 1 18 73 1
27.125 7 1 18 73 1
27.25 7 1 18 73 1
27.375 7 1 18 73 1
27.5 7 1 18 73 1
27.625 7 1 18 73 1
27.75 7 1 18 73 1
27.875 7 1 17 74 1
28 7 1 17 74 1
28.125 7 0 17 75 1
28.25 7 0 17 75 1
28.375 7 0 17 75 1
28.5 6 1 16 76 1
28.625 6 1 16 76 1
28.75 6 1 15 77 1
28.875 6 1 15 77 1
29 6 1 14 78 1
29.125 6 1 14 78 1
29.25 6 1 14 78 1
29.375 6 1 14 78 1
29.5 6 1 14 78 1
29.625 6 1 14 78 1
29.75 6 0 14 79 1
29.875 6 0 14 79 1
30 6 0 14 79 1
30.125 6 0 14 79 1
30.25 6 0 14 79 1
30.375 6 0 14 79 1
30.5 6 0 13 80 1
30.625 6 0 12 81 1
30.75 6 0 12 81 1
30.875 6 0 12 81 1
31 6 0 11 82 1
31.125 6 0 11 82 1
31.25 6 0 10 83 1
31.375 6 0 10 83 1
31.5 6 0 10 83 1
31.625 6 0 10 83 1
31.75 6 0 9 84 1
31.875 6 0 8 85 1
32 6 0 7 86 1
32.125 6 0 7 86 1
32.25 6 0 7 86 1
32.375 6 0 7 86 1
32.5 6 0 7 86 1
32.625 6 0 7 86 1
32.75 6 0 7 86 1
32.875 6 0 7 86 1
33 6 0 6 87 1
33.125 6 0 6 87 1
33.25 6 0 6 87 1
33.375 6 0 6 87 1
33.5 6 0 6 87 1
33.625 6 0 6 87 1
33.75 6 0 5 88 1
33.875 6 0 4 89 1
34 6 0 4 89 1
34.125 6 0 4 89 1
34.25 6 0 4 89 1
34.375 6 0 4 89 1
34.5 6 0 4 89 1
34.625 6 0 4 89 1
34.75 5 1 4 89 1
34.875 5 1 4 89 1
35 5 1 4 89 1
35.125 5 1 4 89 1
35.25 5 1 4 89 1
35.375 5 1 3 90 1
35.5 5 1 3 90 1
35.625 5 0 4 90 1
35.75 5 0 4 90 1
35.875 5 0 4 90 1
36 5 0 4 90 1
36.125 5 0 4 90 1
36.25 5 0 4 90 1
36.375 5 0 4 90 1
36.5 5 0 4 90 1
36.625 5 0 4 90 1
36.75 5 0 4 90 1
36.875 5 0 4 90 1
37 5 0 4 90 1
37.125 5 0 4 90 1
37.25 5 0 4 90 1
37.375 5 0 4 90 1
37.5 5 0 4 90 1
37.625 5 0 4 90 1
37.75 5 0 4 90 1
37.875 5 0 4 90 1
38 5 0 4 90 1
38.125 5 0 4 90 1
38.25 5 0 4 90 1
38.375 5 0 4 90 1
38.5 5 0 4 90 1
38.625 5 0 4 90 1
38.75 5 0 4 90 1
38.875 5 0 4 90 1
39 5 0 4 90 1
39.125 5 0 4 90 1
39.25 5 0 4 90 1
39.375 5 0 4 90 1
39.5 5 0 4 90 1
39.625 5 0 4 90 1
39.75 5 0 4 90 1
39.875 5 0 4 90 1
40 4 1 4 90 1
40.125 4 1 3 91 1
40.25 4 1 3 91 1
40.375 4 1 3 91 1
40.5 4 0 4 91 1
40.625 4 0 4 91 1
40.75 4 0 4 91 1
40.875 4 0 4 91 1
41 4 0 4 91 1
41.125 4 0 4 91 1
41.25 4 0 4 91 1
41.375 4 0 4 91 1
41.5 4 0 4 91 1
41.625 4 0 4 91 1
41.75 4 0 4 91 1
41.875 4 0 4 91 1
42 4 0 3 92 1
42.125 4 0 3 92 1
42.25 4 0 3 92 1
42.375 4 0 3 92 1
42.5 4 0 3 92 1
42.625 4 0 3 92 1
42.75 4 0 3 92 1
42.875 4 0 3 92 1
43 4 0 3 92 1
43.125 4 0 3 92 1
43.25 4 0 3 92 1
43.375 4 0 3 92 1
43.5 4 0 3 92 1
43.625 4 0 3 92 1
43.75 4 0 3 92 1
43.875 4 0 3 92 1
44 4 0 3 92 1
44.125 4 0 3 92 1
44.25 4 0 3 92 1
44.375 4 0 3 92 1
44.5 4 0 3 92 1
44.625 4 0 3 92 1
44.75 4 0 3 92 1
44.875 4 0 3 92 1
45 4 0 3 92 1
45.125 4 0 3 92 1
45.25 4 0 3 92 1
45.375 4 0 3 92 1
45.5 4 0 3 92 1
45.625 4 0 3 92 1
45.75 4 0 3 92 1
45.875 4 0 3 92 1
46 4 0 3 92 1
46.125 4 0 3 92 1
46.25 4 0 3 92 1
46.375 4 0 3 92 1
46.5 4 0 3 92 1
46.625 4 0 3 92 1
46.75 4 0 2 93 1
46.875 4 0 2 93 1
47 4 0 2 93 1
47.125 4 0 2 93 1
47.25 4 0 2 93 1
47.375 4 0 2 93 1
47.5 4 0 2 93 1
47.625 4 0 2 93 1
47.75 4 0 2 93 1
47.875 4 0 2 93 1
48 4 0 2 93 1
48.125 4 0 2 93 1
48.25 4 0 2 93 1
48.375 4 0 2 93 1
48.5 4 0 2 93 1
48.625 4 0 2 93 1
48.75 4 0 2 93 1
48.875 4 0 2 93 1
49 4 0 2 93 1
49.125 4 0 2 93 1
49.25 4 0 2 93 1
49.375 4 0 2 93 1
49.5 4 0 2 93 1
49.625 4 0 2 93 1
49.75 4 0 2 93 1
49.875 4 0 2 93 1
50 4 0 2 93 1
50.125 4 0 2 93 1
50.25 4 0 2 93 1
50.375 4 0 2 93 1
50.5 4 0 2 93 1
50.625 4 0 2 93 1
50.75 4 0 2 93 1
50.875 4 0 2 93 1
51 4 0 2 93 1
51.125 4 0 2 93 1
51.25 4 0 2 93 1
51.375 4 0 2 93 1
51.5 4 0 2 93 1
51.625 4 0 2 93 1
51.75 4 0 2 93 1
51.875 4 0 2 93 1
52 4 0 2 93 1
52.125 4 0 2 93 1
52.25 4 0 2 93 1
52.375 4 0 2 93 1
52.5 4 0 2 93 1
52.625 4 0 2 93 1
52.75 4 0 2 93 1
52.875 4 0 2 93 1
53 3 1 2 93 1
53.125 3 1 2 93 1
53.25 3 1 1 94 1
53.375 3 1 1 94 1
53.5 3 0 2 94 1
53.625 3 0 2 94 1
53.75 3 0 2 94 1
53.875 3 0 1 95 1
54 3 0 1 95 1
54.125 3 0 1 95 1
54.25 3 0 1 95 1
54.375 3 0 1 95 1
54.5 3 0 1 95 1
54.625 3 0 1 95 1
54.75 3 0 1 95 1
54.875 3 0 1 95 1
55 3 0 1 95 1
55.125 3 0 1 95 1
55.25 3 0 1 95 1
55.375 3 0 1 95 1
55.5 3 0 1 95 1
55.625 3 0 1 95 1
55.75 3 0 1 95 1
55.875 3 0 1 95 1
56 3 0 1 95 1
56.125 3 0 1 95 1
56.25 3 0 1 95 1
56.375 3 0 1 95 1
56.5 3 0 1 95 1
56.625 3 0 0 96 1
