t S E I R D
0 98 0 2 0 0
0.125 97 1 2 0 0
0.25 97 1 2 0 0
0.375 96 2 2 0 0
0.5 96 2 2 0 0
0.625 96 2 2 0 0
0.75 96 2 2 0 0
0.875 96 2 2 0 0
1 96 2 2 0 0
1.125 96 2 2 0 0
1.25 96 2 2 0 0
1.375 95 2 3 0 0
1.5 94 3 3 0 0
1.625 93 4 3 0 0
1.75 92 3 5 0 0
1.875 92 2 5 1 0
2 91 3 5 1 0
2.125 91 3 5 1 0
2.25 91 2 6 1 0
2.375 91 1 6 2 0
2.5 90 2 6 2 0
2.625 89 3 5 3 0
2.75 89 3 5 3 0
2.875 89 3 5 3 0
3 89 3 5 3 0
3.125 89 3 5 3 0
3.25 88 4 5 3 0
3.375 87 5 5 3 0
3.5 87 5 5 3 0
3.625 87 5 5 3 0
3.75 87 5 5 3 0
3.875 85 6 6 3 0
4 84 7 6 3 0
4.125 84 7 6 3 0
4.25 84 7 5 4 0
4.375 84 6 6 4 0
4.5 83 7 6 4 0
4.625 83 7 6 4 0
4.75 83 5 8 4 0
4.875 82 6 8 4 0
5 81 7 8 4 0
5.125 81 7 8 4 0
5.25 80 8 8 4 0
5.375 79 7 10 4 0
5.5 79 7 10 4 0
5.625 78 8 9 5 0
5.75 78 8 9 5 0
5.875 78 7 10 5 0
6 78 7 10 5 0
6.125 77 8 9 6 0
6.25 77 7 10 6 0
6.375 75 9 10 6 0
6.5 73 11 10 6 0
6.625 71 12 11 6 0
6.75 70 12 11 7 0
6.875 70 11 12 7 0
7 70 11 11 8 0
7.125 69 12 10 9 0
7.25 69 12 10 9 0
7.375 68 12 11 9 0
7.5 68 12 11 9 0
7.625 66 13 12 9 0
7.75 65 12 14 9 0
7.875 64 12 14 10 0
8 64 11 15 10 0
8.125 63 10 16 11 0
8.25 63 9 16 12 0
8.375 63 9 16 12 0
8.5 62 8 17 13 0
8.625 62 8 16 14 0
8.75 61 8 17 14 0
8.875 61 8 17 14 0
9 59 8 19 14 0
9.125 58 9 19 14 0
9.25 58 9 18 15 0
9.375 57 9 18 16 0
9.5 57 8 18 17 0
9.625 57 8 18 17 0
9.75 56 8 18 18 0
9.875 55 9 18 18 0
10 54 9 19 18 0
10.125 52 11 19 18 0
10.25 52 11 19 18 0
10.375 51 11 20 18 0
10.5 50 12 20 18 0
10.625 49 12 21 18 0
10.75 48 12 22 18 0
10.875 48 11 23 18 0
11 48 11 23 18 0
11.125 48 10 24 18 0
11.25 47 8 27 18 0
11.375 47 7 28 18 0
11.5 47 7 26 20 0
11.625 47 7 26 20 0
11.75 47 7 25 21 0
11.875 47 7 25 21 0
12 47 7 25 21 0
12.125 47 6 26 21 0
12.25 45 8 26 21 0
12.375 43 10 25 22 0
12.5 43 9 24 24 0
12.625 43 8 25 24 0
12.75 42 9 25 24 0
12.875 42 9 25 24 0
13 42 9 24 25 0
13.125 40 11 24 25 0
13.25 38 12 24 26 0
13.375 37 13 24 26 0
13.5 36 14 24 26 0
13.625 36 14 24 26 0
13.75 36 14 24 26 0
13.875 36 14 24 26 0
14 34 16 24 26 0
14.125 33 17 24 26 0
14.25 32 17 25 26 0
14.375 32 15 26 27 0
14.5 32 15 25 28 0
14.625 32 14 25 29 0
14.75 32 13 26 29 0
14.875 32 12 26 30 0
15 32 11 25 32 0
15.125 31 12 25 32 0
15.25 30 11 27 32 0
15.375 30 11 26 33 0
15.5 29 11 27 33 0
15.625 28 11 28 33 0
15.75 28 10 28 34 0
15.875 28 10 26 36 0
16 27 9 28 36 0
16.125 27 9 27 37 0
16.25 26 10 27 37 0
16.375 26 10 27 37 0
16.5 26 9 26 39 0
16.625 26 8 26 40 0
16.75 26 7 27 40 0
16.875 26 7 27 40 0
17 26 6 28 40 0
17.125 26 6 28 40 0
17.25 26 6 27 41 0
17.375 26 6 26 42 0
17.5 26 6 26 42 0
17.625 26 6 26 42 0
17.75 26 6 25 43 0
17.875 26 6 25 43 0
18 26 6 25 43 0
18.125 26 6 24 44 0
18.25 23 8 25 44 0
18.375 23 8 24 45 0
18.5 23 8 24 45 0
18.625 23 8 22 47 0
18.75 23 8 22 47 0
18.875 23 8 22 47 0
19 23 8 22 47 0
19.125 23 8 22 47 0
19.25 23 7 22 48 0
19.375 23 7 22 48 0
19.5 23 7 20 50 0
19.625 22 8 19 51 0
19.75 21 8 18 53 0
19.875 21 8 17 54 0
20 21 8 16 55 0
20.125 21 8 16 55 0
20.25 21 7 17 55 0
20.375 21 7 17 55 0
20.5 20 8 17 55 0
20.625 20 8 17 55 0
20.75 19 8 18 55 0
20.875 18 8 18 56 0
21 18 8 17 57 0
21.125 18 8 16 58 0
21.25 18 8 16 58 0
21.375 18 7 17 58 0
21.5 18 7 17 58 0
21.625 18 7 17 58 0
21.75 18 6 18 58 0
21.875 18 6 18 58 0
22 18 5 19 58 0
22.125 18 5 18 59 0
22.25 18 5 17 60 0
22.375 17 6 17 60 0
22.5 17 6 16 61 0
22.625 17 6 16 61 0
22.75 17 6 16 61 0
22.875 17 5 17 61 0
23 17 5 17 61 0
23.125 17 5 17 61 0
23.25 17 5 17 61 0
23.375 17 5 17 61 0
23.5 17 3 19 61 0
23.625 17 2 20 61 0
23.75 17 2 20 61 0
23.875 17 2 20 61 0
24 17 2 20 61 0
24.125 17 2 20 61 0
24.25 17 2 20 61 0
24.375 17 2 20 61 0
24.5 17 2 19 62 0
24.625 17 2 19 62 0
24.75 17 2 19 62 0
24.875 17 2 19 62 0
25 17 2 19 62 0
25.125 17 2 19 62 0
25.25 17 2 19 62 0
25.375 17 2 18 63 0
25.5 17 2 18 63 0
25.625 17 2 18 63 0
25.75 17 2 16 65 0
25.875 17 2 16 65 0
26 17 2 16 65 0
26.125 17 2 16 65 0
26.25 17 2 16 65 0
26.375 17 2 16 65 0
26.5 16 3 15 66 0
26.625 16 2 15 67 0
26.75 16 2 15 67 0
26.875 16 1 16 67 0
27 16 1 16 67 0
27.125 16 1 15 68 0
27.25 16 0 15 69 0
27.375 16 0 15 69 0
27.5 16 0 15 69 0
27.625 16 0 15 69 0
27.75 16 0 15 69 0
27.875 16 0 14 70 0
28 16 0 14 70 0
28.125 16 0 14 70 0
28.25 16 0 14 70 0
28.375 16 0 14 70 0
28.5 16 0 14 70 0
28.625 16 0 14 70 0
28.75 16 0 14 70 0
28.875 16 0 14 70 0
29 16 0 13 71 0
29.125 16 0 13 71 0
29.25 16 0 13 71 0
29.375 16 0 13 71 0
29.5 16 0 12 72 0
29.625 16 0 11 73 0
29.75 16 0 11 73 0
29.875 16 0 10 74 0
30 16 0 10 74 0
30.125 16 0 10 74 0
30.25 15 1 10 74 0
30.375 15 1 10 74 0
30.5 15 1 10 74 0
30.625 15 1 10 74 0
30.75 15 1 10 74 0
30.875 15 1 8 76 0
31 15 1 8 76 0
31.125 15 1 7 77 0
31.25 14 2 7 77 0
31.375 14 2 7 77 0
31.5 14 2 7 77 0
31.625 14 2 7 77 0
31.75 14 1 8 77 0
31.875 14 1 8 77 0
32 14 1 8 77 0
32.125 14 0 9 77 0
32.25 14 0 9 77 0
32.375 14 0 9 77 0
32.5 14 0 9 77 0
32.625 14 0 8 78 0
32.75 14 0 7 79 0
32.875 13 1 7 79 0
33 13 1 7 79 0
33.125 13 1 7 79 0
33.25 13 1 7 79 0
33.375 13 1 7 79 0
33.5 13 1 7 79 0
33.625 13 1 7 79 0
33.75 13 1 7 79 0
33.875 13 1 7 79 0
34 13 1 7 79 0
34.125 13 1 7 79 0
34.25 13 1 7 79 0
34.375 13 1 7 79 0
34.5 13 1 7 79 0
34.625 13 1 7 79 0
34.75 13 1 7 79 0
34.875 13 0 8 79 0
35 13 0 8 79 0
35.125 13 0 7 80 0
35.25 13 0 7 80 0
35.375 13 0 7 80 0
35.5 13 0 7 80 0
35.625 13 0 7 80 0
35.75 13 0 7 80 0
35.875 13 0 7 80 0
36 13 0 6 81 0
36.125 13 0 6 81 0
36.25 13 0 6 81 0
36.375 13 0 6 81 0
36.5 13 0 6 81 0
36.625 13 0 6 81 0
36.75 12 1 5 82 0
36.875 12 1 5 82 0
37 12 1 5 82 0
37.125 12 1 5 82 0
37.25 12 1 5 82 0
37.375 12 1 5 82 0
37.5 12 1 5 82 0
37.625 12 1 5 82 0
37.75 12 1 5 82 0
37.875 12 1 5 82 0
38 12 1 5 82 0
38.125 12 0 6 82 0
38.25 12 0 6 82 0
38.375 12 0 6 82 0
38.5 12 0 6 82 0
38.625 12 0 6 82 0
38.75 12 0 6 82 0
38.875 12 0 5 83 0
39 12 0 5 83 0
39.125 12 0 5 83 0
39.25 12 0 5 83 0
39.375 12 0 4 84 0
39.5 11 1 4 84 0
39.625 11 1 4 84 0
39.75 11 1 4 84 0
39.875 11 1 4 84 0
40 11 1 4 84 0
40.125 11 1 4 84 0
40.25 11 1 4 84 0
40.375 11 1 3 85 0
40.5 11 1 3 85 0
40.625 11 1 3 85 0
40.75 11 1 3 85 0
40.875 11 1 3 85 0
41 11 1 3 85 0
41.125 11 1 3 85 0
41.25 11 1 3 85 0
41.375 11 1 3 85 0
41.5 11 1 3 85 0
41.625 11 1 3 85 0
41.75 11 1 3 85 0
41.875 11 1 3 85 0
42 11 1 3 85 0
42.125 11 1 3 85 0
42.25 11 1 3 85 0
42.375 11 1 3 85 0
42.5 11 1 3 85 0
42.625 11 1 3 85 0
42.75 11 1 3 85 0
42.875 11 1 3 85 0
43 11 1 3 85 0
43.125 11 0 4 85 0
43.25 11 0 4 85 0
43.375 11 0 4 85 0
43.5 11 0 4 85 0
43.625 11 0 3 86 0
43.75 11 0 3 86 0
43.875 11 0 3 86 0
44 11 0 3 86 0
44.125 11 0 3 86 0
44.25 11 0 3 86 0
44.375 11 0 3 86 0
44.5 11 0 3 86 0
44.625 11 0 3 86 0
44.75 11 0 3 86 0
44.875 11 0 3 86 0
45 11 0 3 86 0
45.125 11 0 3 86 0
45.25 11 0 3 86 0
45.375 11 0 3 86 0
45.5 11 0 3 86 0
45.625 11 0 3 86 0
45.75 11 0 3 86 0
45.875 11 0 2 87 0
46 11 0 2 87 0
46.125 11 0 2 87 0
46.25 11 0 2 87 0
46.375 11 0 2 87 0
46.5 11 0 2 87 0
46.625 11 0 2 87 0
46.75 11 0 2 87 0
46.875 11 0 2 87 0
47 11 0 2 87 0
47.125 11 0 2 87 0
47.25 11 0 2 87 0
47.375 11 0 2 87 0
47.5 11 0 2 87 0
47.625 11 0 2 87 0
47.75 11 0 2 87 0
47.875 11 0 2 87 0
48 11 0 2 87 0
48.125 11 0 2 87 0
48.25 11 0 2 87 0
48.375 11 0 2 87 0
48.5 11 0 2 87 0
48.625 11 0 2 87 0
48.75 11 0 2 87 0
48.875 11 0 2 87 0
49 11 0 2 87 0
49.125 11 0 2 87 0
49.25 11 0 2 87 0
49.375 11 0 2 87 0
49.5 11 0 2 87 0
49.625 11 0 2 87 0
49.75 11 0 2 87 0
49.875 11 0 2 87 0
50 11 0 2 87 0
50.125 11 0 2 87 0
50.25 11 0 2 87 0
50.375 11 0 2 87 0
50.5 11 0 2 87 0
50.625 11 0 2 87 0
50.75 11 0 2 87 0
50.875 11 0 2 87 0
51 11 0 2 87 0
51.125 11 0 2 87 0
51.25 11 0 1 88 0
51.375 11 0 1 88 0
51.5 11 0 1 88 0
51.625 11 0 1 88 0
51.75 11 0 1 88 0
51.875 11 0 1 88 0
52 11 0 1 88 0
52.125 11 0 1 88 0
52.25 11 0 1 88 0
52.375 11 0 1 88 0
52.5 11 0 1 88 0
52.625 11 0 1 88 0
52.75 11 0 1 88 0
52.875 11 0 1 88 0
53 11 0 1 88 0
53.125 11 0 1 88 0
53.25 11 0 1 88 0
53.375 11 0 1 88 0
53.5 11 0 0 89 0
