t S E I R D
0 98 0 2 0 0
0.125 97 1 2 0 0
0.25 97 1 2 0 0
0.375 97 1 2 0 0
0.5 97 1 2 0 0
0.625 96 2 2 0 0
0.75 96 2 2 0 0
0.875 96 2 2 0 0
1 96 2 2 0 0
1.125 96 2 2 0 0
1.25 96 2 2 0 0
1.375 95 3 2 0 0
1.5 95 3 2 0 0
1.625 95 3 1 1 0
1.75 95 3 1 1 0
1.875 95 1 3 1 0
2 95 1 3 1 0
2.125 95 1 3 1 0
2.25 95 1 3 1 0
2.375 95 0 4 1 0
2.5 94 1 4 1 0
2.625 94 1 4 1 0
2.75 93 2 4 1 0
2.875 92 3 4 1 0
3 90 5 4 1 0
3.125 90 5 4 1 0
3.25 90 5 3 2 0
3.375 90 5 3 2 0
3.5 90 4 4 2 0
3.625 88 6 3 3 0
3.75 88 6 3 3 0
3.875 88 6 3 3 0
4 88 6 3 3 0
4.125 88 6 3 3 0
4.25 88 5 4 3 0
4.375 88 4 5 3 0
4.5 88 4 5 3 0
4.625 87 5 5 3 0
4.75 87 5 5 3 0
4.875 87 4 6 3 0
5 87 2 8 3 0
5.125 86 3 8 3 0
5.25 85 4 8 3 0
5.375 84 5 8 3 0
5.5 84 5 8 3 0
5.625 81 8 8 3 0
5.75 81 7 9 3 0
5.875 80 8 9 3 0
6 79 9 8 4 0
6.125 79 9 8 4 0
6.25 79 9 7 5 0
6.375 79 9 5 7 0
6.5 79 9 5 7 0
6.625 79 8 6 7 0
6.75 79 8 6 7 0
6.875 79 6 8 7 0
7 78 6 9 7 0
7.125 77 7 9 7 0
7.25 77 7 9 7 0
7.375 77 7 9 7 0
7.5 75 9 9 7 0
7.625 75 9 9 7 0
7.75 74 10 8 8 0
7.875 74 10 8 8 0
8 74 10 8 8 0
8.125 73 11 8 8 0
8.25 72 12 8 8 0
8.375 71 13 8 8 0
8.5 70 13 9 8 0
8.625 67 15 10 8 0
8.75 66 15 11 8 0
8.875 66 15 11 8 0
9 65 15 12 8 0
9.125 65 15 11 9 0
9.25 65 12 14 9 0
9.375 63 10 18 9 0
9.5 63 9 19 9 0
9.625 63 8 19 10 0
9.75 61 10 19 10 0
9.875 61 10 17 12 0
10 61 10 17 12 0
10.125 59 12 17 12 0
10.25 57 14 17 12 0
10.375 56 15 17 12 0
10.5 56 14 18 12 0
10.625 55 14 19 12 0
10.75 54 13 21 12 0
10.875 54 13 21 12 0
11 53 14 21 12 0
11.125 53 10 25 12 0
11.25 52 10 26 12 0
11.375 50 12 26 12 0
11.5 50 12 25 13 0
11.625 50 10 26 14 0
11.75 50 9 27 14 0
11.875 50 9 27 14 0
12 49 10 27 14 0
12.125 48 10 27 15 0
12.25 48 10 27 15 0
12.375 48 9 28 15 0
12.5 48 8 29 15 0
12.625 46 9 30 15 0
12.75 45 10 30 15 0
12.875 44 11 29 16 0
13 44 10 29 17 0
13.125 43 11 28 18 0
13.25 43 11 27 19 0
13.375 43 10 27 20 0
13.5 43 9 27 21 0
13.625 42 10 27 21 0
13.75 41 10 28 21 0
13.875 40 10 28 22 0
14 40 10 27 23 0
14.125 38 11 27 24 0
14.25 38 11 27 24 0
14.375 38 8 29 25 0
14.5 35 11 29 25 0
14.625 34 12 28 26 0
14.75 34 12 27 27 0
14.875 34 11 28 27 0
15 33 11 27 29 0
15.125 33 11 26 30 0
15.25 33 9 28 30 0
15.375 33 9 28 30 0
15.5 32 8 29 31 0
15.625 32 8 26 34 0
15.75 32 8 25 35 0
15.875 32 7 24 37 0
16 31 7 25 37 0
16.125 31 7 24 38 0
16.25 31 7 24 38 0
16.375 31 6 24 39 0
16.5 31 6 24 39 0
16.625 30 6 25 39 0
16.75 28 7 26 39 0
16.875 27 6 25 42 0
17 27 6 25 42 0
17.125 26 7 23 44 0
17.25 25 8 22 45 0
17.375 25 7 23 45 0
17.5 25 7 23 45 0
17.625 25 7 23 45 0
17.75 24 8 21 45 2
17.875 24 8 20 46 2
18 24 7 21 46 2
18.125 24 7 21 46 2
18.25 24 6 22 46 2
18.375 23 7 21 47 2
18.5 23 6 21 48 2
18.625 23 6 21 48 2
18.75 22 7 21 48 2
18.875 22 7 21 48 2
19 21 7 21 49 2
19.125 21 7 21 49 2
19.25 21 7 21 49 2
19.375 21 7 21 49 2
19.5 21 6 22 49 2
19.625 21 5 23 49 2
19.75 21 5 23 49 2
19.875 21 4 24 49 2
20 20 4 25 49 2
20.125 20 3 26 49 2
20.25 20 3 26 49 2
20.375 20 2 26 50 2
20.5 20 2 26 50 2
20.625 19 3 24 52 2
20.75 19 3 23 53 2
20.875 19 2 24 53 2
21 19 1 24 54 2
21.125 19 1 23 55 2
21.25 19 1 21 57 2
21.375 19 1 20 58 2
21.5 18 2 20 58 2
21.625 18 2 19 59 2
21.75 18 2 19 59 2
21.875 18 2 18 60 2
22 18 2 17 61 2
22.125 18 2 17 61 2
22.25 18 1 18 61 2
22.375 18 1 18 61 2
22.5 18 1 17 62 2
22.625 18 1 16 63 2
22.75 18 1 16 63 2
22.875 17 2 15 64 2
23 17 2 15 64 2
23.125 17 2 14 65 2
23.25 16 3 13 66 2
23.375 16 3 12 67 2
23.5 16 3 11 68 2
23.625 16 3 11 68 2
23.75 16 3 10 69 2
23.875 16 3 9 70 2
24 16 3 9 70 2
24.125 15 4 9 70 2
24.25 15 4 9 70 2
24.375 15 4 9 70 2
24.5 15 4 9 70 2
24.625 15 4 9 70 2
24.75 15 4 9 70 2
24.875 15 4 9 70 2
25 15 3 10 70 2
25.125 15 3 10 70 2
25.25 15 3 10 70 2
25.375 15 3 10 70 2
25.5 15 3 9 71 2
25.625 15 3 8 72 2
25.75 15 3 7 73 2
25.875 15 3 7 73 2
26 15 2 8 73 2
26.125 15 2 8 73 2
26.25 15 2 8 73 2
26.375 15 2 7 74 2
26.5 15 2 7 74 2
26.625 15 2 7 74 2
26.75 15 2 7 74 2
26.875 15 2 7 74 2
27 15 2 7 74 2
27.125 15 1 8 74 2
27.25 15 1 8 74 2
27.375 15 1 8 74 2
27.5 15 1 8 74 2
27.625 14 2 8 74 2
27.75 14 1 9 74 2
27.875 14 1 9 74 2
28 14 1 8 75 2
28.125 14 1 8 75 2
28.25 14 1 8 75 2
28.375 14 1 8 75 2
28.5 14 1 8 75 2
28.625 14 1 8 75 2
28.75 14 1 8 75 2
28.875 14 1 7 76 2
29 14 1 7 76 2
29.125 14 1 7 76 2
29.25 14 1 7 76 2
29.375 14 1 7 76 2
29.5 14 1 7 76 2
29.625 14 1 7 76 2
29.75 14 1 7 76 2
29.875 14 1 7 76 2
30 14 1 7 76 2
30.125 14 1 7 76 2
30.25 14 1 7 76 2
30.375 14 1 7 76 2
30.5 14 0 8 76 2
30.625 14 0 8 76 2
30.75 14 0 8 76 2
30.875 13 1 8 76 2
31 13 1 8 76 2
31.125 13 1 7 77 2
31.25 13 1 7 77 2
31.375 13 1 7 77 2
31.5 13 1 7 77 2
31.625 13 1 7 77 2
31.75 13 1 7 77 2
31.875 13 1 7 77 2
32 13 1 7 77 2
32.125 13 1 7 77 2
32.25 13 1 7 77 2
32.375 13 1 6 78 2
32.5 13 1 6 78 2
32.625 13 1 6 78 2
32.75 13 1 6 78 2
32.875 13 1 6 78 2
33 13 1 6 78 2
33.125 13 1 6 78 2
33.25 13 1 6 78 2
33.375 13 1 5 79 2
33.5 13 1 5 79 2
33.625 13 1 5 79 2
33.75 13 1 5 79 2
33.875 13 1 5 79 2
34 13 1 5 79 2
34.125 13 1 5 79 2
34.25 13 1 5 79 2
34.375 13 1 5 79 2
34.5 13 1 5 79 2
34.625 13 1 5 79 2
34.75 13 1 4 80 2
34.875 13 1 4 80 2
35 13 1 4 80 2
35.125 13 1 4 80 2
35.25 13 0 5 80 2
35.375 13 0 5 80 2
35.5 13 0 5 80 2
35.625 13 0 5 80 2
35.75 13 0 5 80 2
35.875 13 0 5 80 2
36 13 0 5 80 2
36.125 13 0 5 80 2
36.25 13 0 5 80 2
36.375 13 0 5 80 2
36.5 13 0 5 80 2
36.625 13 0 5 80 2
36.75 13 0 5 80 2
36.875 13 0 4 81 2
37 13 0 4 81 2
37.125 13 0 4 81 2
37.25 13 0 4 81 2
37.375 13 0 4 81 2
37.5 13 0 4 81 2
37.625 13 0 4 81 2
37.75 13 0 4 81 2
37.875 13 0 4 81 2
38 13 0 4 81 2
38.125 13 0 4 81 2
38.25 13 0 4 81 2
38.375 13 0 3 82 2
38.5 13 0 3 82 2
38.625 13 0 3 82 2
38.75 13 0 3 82 2
38.875 13 0 3 82 2
39 13 0 3 82 2
39.125 13 0 3 82 2
39.25 13 0 3 82 2
39.375 13 0 3 82 2
39.5 13 0 3 82 2
39.625 13 0 3 82 2
39.75 13 0 3 82 2
39.875 13 0 3 82 2
40 13 0 3 82 2
40.125 13 0 3 82 2
40.25 13 0 3 82 2
40.375 13 0 3 82 2
40.5 13 0 3 82 2
40.625 13 0 3 82 2
40.75 13 0 3 82 2
40.875 13 0 2 83 2
41 13 0 2 83 2
41.125 13 0 1 84 2
41.25 13 0 1 84 2
41.375 13 0 1 84 2
41.5 13 0 1 84 2
41.625 13 0 1 84 2
41.75 13 0 1 84 2
41.875 13 0 1 84 2
42 13 0 1 84 2
42.125 13 0 1 84 2
42.25 13 0 1 84 2
42.375 13 0 1 84 2
42.5 13 0 1 84 2
42.625 13 0 1 84 2
42.75 13 0 1 84 2
42.875 13 0 1 84 2
43 13 0 1 84 2
43.125 13 0 0 85 2
