t S E I R D
0 98 0 2 0 0
0.125 97 1 2 0 0
0.25 97 1 2 0 0
0.375 97 1 2 0 0
0.5 97 1 2 0 0
0.625 97 1 2 0 0
0.75 96 2 2 0 0
0.875 96 2 2 0 0
1 96 1 3 0 0
1.125 96 1 3 0 0
1.25 96 1 3 0 0
1.375 96 1 3 0 0
1.5 96 0 4 0 0
1.625 96 0 4 0 0
1.75 96 0 4 0 0
1.875 96 0 4 0 0
2 96 0 4 0 0
2.125 95 1 4 0 0
2.25 95 1 3 1 0
2.375 95 1 3 1 0
2.5 93 3 3 1 0
2.625 92 4 3 1 0
2.75 92 4 3 1 0
2.875 92 4 3 1 0
3 92 4 3 1 0
3.125 92 3 4 1 0
3.25 92 3 4 1 0
3.375 92 3 4 1 0
3.5 92 3 4 1 0
3.625 91 3 5 1 0
3.75 91 3 5 1 0
3.875 90 3 6 1 0
4 90 3 6 1 0
4.125 90 3 6 1 0
4.25 90 3 6 1 0
4.375 89 4 5 2 0
4.5 89 4 5 2 0
4.625 89 4 5 2 0
4.75 89 4 4 3 0
4.875 89 4 4 3 0
5 89 4 4 3 0
5.125 89 4 4 3 0
5.25 89 4 4 3 0
5.375 89 4 4 3 0
5.5 89 4 4 3 0
5.625 89 4 4 3 0
5.75 89 3 5 3 0
5.875 89 3 4 4 0
6 89 3 4 4 0
6.125 89 2 5 4 0
6.25 89 2 5 4 0
6.375 89 2 5 4 0
6.5 89 2 5 4 0
6.625 89 2 5 4 0
6.75 88 3 5 4 0
6.875 88 2 6 4 0
7 88 2 6 4 0
7.125 88 2 3 7 0
7.25 88 2 3 7 0
7.375 88 2 3 7 0
7.5 86 4 3 7 0
7.625 86 4 3 7 0
7.75 86 4 3 7 0
7.875 86 4 3 7 0
8 85 5 3 7 0
8.125 85 5 3 7 0
8.25 85 4 4 7 0
8.375 85 4 3 8 0
8.5 84 5 3 8 0
8.625 82 7 3 8 0
8.75 82 6 4 8 0
8.875 82 6 4 8 0
9 81 7 4 8 0
9.125 81 6 5 8 0
9.25 78 7 7 8 0
9.375 77 8 7 8 0
9.5 77 6 9 8 0
9.625 75 7 10 8 0
9.75 71 11 10 8 0
9.875 67 14 10 9 0
10 67 14 10 9 0
10.125 66 14 11 9 0
10.25 65 14 12 9 0
10.375 63 13 15 9 0
10.5 63 12 15 10 0
10.625 62 13 14 11 0
10.75 62 12 15 11 0
10.875 62 10 16 12 0
11 61 11 15 13 0
11.125 59 12 16 13 0
11.25 58 12 16 14 0
11.375 57 11 18 14 0
11.5 57 11 18 14 0
11.625 57 10 19 14 0
11.75 57 7 22 14 0
11.875 55 8 22 15 0
12 55 7 23 15 0
12.125 53 8 24 15 0
12.25 53 8 24 15 0
12.375 53 8 24 15 0
12.5 53 6 25 16 0
12.625 53 6 24 17 0
12.75 52 7 23 18 0
12.875 51 7 22 20 0
13 50 8 22 20 0
13.125 50 7 23 20 0
13.25 50 7 23 20 0
13.375 50 6 24 20 0
13.5 49 7 24 20 0
13.625 48 7 25 20 0
13.75 46 9 25 20 0
13.875 46 8 25 21 0
14 45 9 25 21 0
14.125 44 10 25 21 0
14.25 44 6 29 21 0
14.375 44 6 28 22 0
14.5 44 6 27 23 0
14.625 43 7 27 23 0
14.75 41 8 28 23 0
14.875 40 9 28 23 0
15 39 9 29 23 0
15.125 39 8 29 24 0
15.25 39 8 28 25 0
15.375 38 9 28 25 0
15.5 38 9 27 26 0
15.625 37 10 25 28 0
15.75 37 9 25 29 0
15.875 37 8 25 30 0
16 36 8 26 30 0
16.125 36 8 24 32 0
16.25 36 8 22 34 0
16.375 35 9 22 34 0
16.5 35 9 22 34 0
16.625 35 8 22 35 0
16.75 35 8 22 35 0
16.875 35 8 20 37 0
17 33 9 20 38 0
17.125 32 10 19 39 0
17.25 31 10 20 39 0
17.375 29 12 19 40 0
17.5 29 10 21 40 0
17.625 28 11 20 41 0
17.75 27 12 20 41 0
17.875 26 12 21 41 0
18 26 9 23 42 0
18.125 26 6 26 42 0
18.25 26 6 25 43 0
18.375 26 4 27 43 0
18.5 26 3 27 44 0
18.625 26 3 26 45 0
18.75 26 3 26 45 0
18.875 25 3 27 45 0
19 25 3 27 45 0
19.125 24 4 27 45 0
19.25 24 4 26 46 0
19.375 24 4 26 46 0
19.5 24 3 26 47 0
19.625 24 2 26 48 0
19.75 23 3 26 48 0
19.875 23 2 26 49 0
20 23 2 24 51 0
20.125 22 3 24 51 0
20.25 22 2 25 51 0
20.375 22 2 25 51 0
20.5 22 2 25 51 0
20.625 22 2 25 51 0
20.75 22 2 25 51 0
20.875 22 2 25 51 0
21 22 1 25 52 0
21.125 22 1 25 52 0
21.25 22 1 25 52 0
21.375 22 1 25 52 0
21.5 21 2 25 52 0
21.625 21 2 25 52 0
21.75 21 2 24 53 0
21.875 21 2 24 53 0
22 20 2 25 53 0
22.125 20 2 25 53 0
22.25 20 1 25 54 0
22.375 18 3 25 54 0
22.5 18 3 24 55 0
22.625 18 3 24 55 0
22.75 16 5 24 55 0
22.875 13 8 24 55 0
23 13 8 22 57 0
23.125 13 8 22 57 0
23.25 12 8 22 58 0
23.375 12 8 22 58 0
23.5 12 7 22 59 0
23.625 11 7 23 59 0
23.75 11 7 22 60 0
23.875 11 7 20 62 0
24 10 8 20 62 0
24.125 10 8 20 62 0
24.25 10 8 20 62 0
24.375 10 7 20 63 0
24.5 10 7 19 64 0
24.625 10 7 18 65 0
24.75 10 7 18 65 0
24.875 10 7 18 65 0
25 10 7 18 65 0
25.125 10 7 17 66 0
25.25 10 7 17 66 0
25.375 10 7 17 66 0
25.5 10 6 18 66 0
25.625 10 6 17 67 0
25.75 10 6 16 68 0
25.875 10 5 16 69 0
26 10 5 16 69 0
26.125 10 5 16 69 0
26.25 10 5 15 70 0
26.375 10 5 15 70 0
26.5 10 5 15 70 0
26.625 10 5 15 70 0
26.75 10 5 14 71 0
26.875 10 5 13 72 0
27 10 4 14 72 0
27.125 10 3 14 73 0
27.25 10 3 14 73 0
27.375 10 3 14 73 0
27.5 10 3 13 74 0
27.625 10 2 13 75 0
27.75 10 2 13 75 0
27.875 10 1 13 76 0
28 10 1 13 76 0
28.125 10 1 13 76 0
28.25 10 1 13 76 0
28.375 10 1 13 76 0
28.5 10 1 13 76 0
28.625 10 1 13 76 0
28.75 10 1 12 77 0
28.875 10 1 12 77 0
29 10 1 12 77 0
29.125 10 1 12 77 0
29.25 10 1 12 77 0
29.375 10 1 12 77 0
29.5 10 1 11 78 0
29.625 10 1 10 79 0
29.75 10 1 9 80 0
29.875 10 0 10 80 0
30 10 0 9 81 0
30.125 10 0 9 81 0
30.25 10 0 9 81 0
30.375 10 0 8 82 0
30.5 10 0 8 82 0
30.625 10 0 8 82 0
30.75 10 0 8 82 0
30.875 10 0 8 82 0
31 10 0 7 83 0
31.125 10 0 7 83 0
31.25 10 0 7 83 0
31.375 10 0 7 83 0
31.5 10 0 7 83 0
31.625 10 0 7 83 0
31.75 10 0 6 84 0
31.875 10 0 6 84 0
32 10 0 6 84 0
32.125 10 0 6 84 0
32.25 10 0 6 84 0
32.375 10 0 6 84 0
32.5 10 0 6 84 0
32.625 10 0 6 84 0
32.75 10 0 6 84 0
32.875 10 0 6 84 0
33 10 0 6 84 0
33.125 10 0 6 84 0
33.25 10 0 6 84 0
33.375 10 0 6 84 0
33.5 10 0 6 84 0
33.625 10 0 5 85 0
33.75 10 0 5 85 0
33.875 10 0 5 85 0
34 10 0 4 86 0
34.125 10 0 4 86 0
34.25 10 0 4 86 0
34.375 10 0 4 86 0
34.5 10 0 4 86 0
34.625 9 1 4 86 0
34.75 9 1 4 86 0
34.875 9 1 4 86 0
35 9 1 3 87 0
35.125 9 1 3 87 0
35.25 9 1 3 87 0
35.375 9 1 3 87 0
35.5 9 1 3 87 0
35.625 9 1 3 87 0
35.75 9 1 3 87 0
35.875 9 1 3 87 0
36 9 1 3 87 0
36.125 9 1 3 87 0
36.25 9 1 3 87 0
36.375 9 1 3 87 0
36.5 9 1 3 87 0
36.625 9 1 3 87 0
36.75 9 1 3 87 0
36.875 9 1 3 87 0
37 9 1 3 87 0
37.125 9 1 3 87 0
37.25 9 1 3 87 0
37.375 9 1 3 87 0
37.5 9 1 3 87 0
37.625 9 1 3 87 0
37.75 9 1 3 87 0
37.875 9 1 3 87 0
38 9 1 2 88 0
38.125 9 1 2 88 0
38.25 9 1 2 88 0
38.375 9 1 2 88 0
38.5 9 1 2 88 0
38.625 9 1 2 88 0
38.75 9 1 1 89 0
38.875 9 1 1 89 0
39 9 0 2 89 0
39.125 9 0 2 89 0
39.25 9 0 2 89 0
39.375 9 0 2 89 0
39.5 9 0 2 89 0
39.625 9 0 2 89 0
39.75 9 0 2 89 0
39.875 9 0 2 89 0
40 9 0 2 89 0
40.125 9 0 2 89 0
40.25 9 0 2 89 0
40.375 9 0 2 89 0
40.5 9 0 2 89 0
40.625 9 0 2 89 0
40.75 9 0 2 89 0
40.875 9 0 2 89 0
41 9 0 1 90 0
41.125 9 0 1 90 0
41.25 9 0 1 90 0
41.375 9 0 1 90 0
41.5 9 0 1 90 0
41.625 9 0 1 90 0
41.75 9 0 1 90 0
41.875 9 0 1 90 0
42 9 0 1 90 0
42.125 9 0 1 90 0
42.25 9 0 1 90 0
42.375 9 0 1 90 0
42.5 9 0 1 90 0
42.625 9 0 1 90 0
42.75 9 0 1 90 0
42.875 9 0 1 90 0
43 9 0 1 90 0
43.125 9 0 1 90 0
43.25 9 0 1 90 0
43.375 9 0 1 90 0
43.5 9 0 1 90 0
43.625 9 0 1 90 0
43.75 9 0 1 90 0
43.875 9 0 1 90 0
44 9 0 1 90 0
44.125 9 0 1 90 0
44.25 9 0 1 90 0
44.375 9 0 1 90 0
44.5 9 0 1 90 0
44.625 9 0 1 90 0
44.75 9 0 1 90 0
44.875 9 0 1 90 0
45 9 0 1 90 0
45.125 9 0 1 90 0
45.25 9 0 1 90 0
45.375 9 0 1 90 0
45.5 9 0 1 90 0
45.625 9 0 1 90 0
45.75 9 0 1 90 0
45.875 9 0 1 90 0
46 9 0 1 90 0
46.125 9 0 1 90 0
46.25 9 0 1 90 0
46.375 9 0 1 90 0
46.5 9 0 1 90 0
46.625 9 0 1 90 0
46.75 9 0 1 90 0
46.875 9 0 1 90 0
47 9 0 1 90 0
47.125 9 0 1 90 0
47.25 9 0 1 90 0
47.375 9 0 1 90 0
47.5 9 0 1 90 0
47.625 9 0 1 90 0
47.75 9 0 1 90 0
47.875 9 0 1 90 0
48 9 0 1 90 0
48.125 9 0 1 90 0
48.25 9 0 1 90 0
48.375 9 0 1 90 0
48.5 9 0 1 90 0
48.625 9 0 1 90 0
48.75 9 0 1 90 0
48.875 9 0 1 90 0
49 9 0 1 90 0
49.125 9 0 1 90 0
49.25 9 0 1 90 0
49.375 9 0 1 90 0
49.5 9 0 1 90 0
49.625 9 0 1 90 0
49.75 9 0 1 90 0
49.875 9 0 1 90 0
50 9 0 1 90 0
50.125 9 0 1 90 0
50.25 9 0 1 90 0
50.375 9 0 1 90 0
50.5 9 0 1 90 0
50.625 9 0 1 90 0
50.75 9 0 1 90 0
50.875 9 0 1 90 0
51 9 0 1 90 0
51.125 9 0 1 90 0
51.25 9 0 1 90 0
51.375 9 0 1 90 0
51.5 9 0 1 90 0
51.625 9 0 1 90 0
51.75 9 0 1 90 0
51.875 9 0 1 90 0
52 9 0 1 90 0
52.125 9 0 1 90 0
52.25 9 0 1 90 0
52.375 9 0 1 90 0
52.5 9 0 1 90 0
52.625 9 0 1 90 0
52.75 9 0 1 90 0
52.875 9 0 1 90 0
53 9 0 1 90 0
53.125 9 0 0 91 0
