t S E I R D
0 98 0 2 0 0
0.125 97 1 1 1 0
0.25 97 1 1 1 0
0.375 97 0 2 1 0
0.5 96 1 2 1 0
0.625 95 2 2 1 0
0.75 95 2 2 1 0
0.875 95 2 2 1 0
1 95 2 2 1 0
1.125 95 2 2 1 0
1.25 94 3 2 1 0
1.375 94 3 2 1 0
1.5 94 3 2 1 0
1.625 94 3 2 1 0
1.75 94 3 2 1 0
1.875 94 3 2 1 0
2 94 3 2 1 0
2.125 94 3 2 1 0
2.25 94 3 2 1 0
2.375 93 4 2 1 0
2.5 93 3 3 1 0
2.625 93 3 3 1 0
2.75 93 3 3 1 0
2.875 93 3 3 1 0
3 92 4 3 1 0
3.125 92 4 3 1 0
3.25 91 5 3 1 0
3.375 91 5 3 1 0
3.5 91 5 3 1 0
3.625 91 5 3 1 0
3.75 91 5 2 2 0
3.875 91 5 2 2 0
4 91 5 2 2 0
4.125 91 4 3 2 0
4.25 90 5 3 2 0
4.375 90 5 3 2 0
4.5 90 5 3 2 0
4.625 89 6 3 2 0
4.75 89 6 2 3 0
4.875 89 5 3 3 0
5 89 4 4 3 0
5.125 89 3 5 3 0
5.25 88 4 4 4 0
5.375 87 5 4 4 0
5.5 87 5 4 4 0
5.625 86 6 4 4 0
5.75 86 6 4 4 0
5.875 86 6 4 4 0
6 86 5 5 4 0
6.125 84 6 6 4 0
6.25 84 6 5 5 0
6.375 84 6 4 6 0
6.5 84 6 4 6 0
6.625 83 7 4 6 0
6.75 83 7 4 6 0
6.875 83 7 4 6 0
7 83 7 4 6 0
7.125 82 7 5 6 0
7.25 82 7 5 6 0
7.375 81 7 6 6 0
7.5 79 8 7 6 0
7.625 79 8 7 6 0
7.75 79 7 8 6 0
7.875 78 7 9 6 0
8 74 11 8 7 0
8.125 72 13 7 8 0
8.25 72 13 7 8 0
8.375 70 15 7 8 0
8.5 70 14 8 8 0
8.625 68 16 8 8 0
8.75 68 16 8 8 0
8.875 66 18 8 8 0
9 66 16 10 8 0
9.125 65 17 10 8 0
9.25 64 18 10 8 0
9.375 64 15 13 8 0
9.5 63 14 14 9 0
9.625 63 14 14 9 0
9.75 62 15 14 9 0
9.875 61 16 14 9 0
10 60 16 15 9 0
10.125 60 15 16 9 0
10.25 60 14 17 9 0
10.375 59 14 17 10 0
10.5 58 14 17 11 0
10.625 57 15 17 11 0
10.75 55 17 16 12 0
10.875 55 17 16 12 0
11 54 18 16 12 0
11.125 52 17 19 12 0
11.25 51 16 20 13 0
11.375 50 15 22 13 0
11.5 50 14 22 14 0
11.625 50 13 23 14 0
11.75 50 12 24 14 0
11.875 50 12 24 14 0
12 50 10 26 14 0
12.125 50 8 28 14 0
12.25 50 8 27 15 0
12.375 48 10 27 15 0
12.5 48 9 27 16 0
12.625 47 10 27 16 0
12.75 47 10 27 16 0
12.875 47 9 27 17 0
13 47 8 27 18 0
13.125 47 7 28 18 0
13.25 47 7 26 20 0
13.375 47 6 27 20 0
13.5 46 6 26 22 0
13.625 46 6 24 24 0
13.75 44 7 25 24 0
13.875 44 7 25 24 0
14 44 5 27 24 0
14.125 43 6 27 24 0
14.25 42 7 26 25 0
14.375 41 8 26 25 0
14.5 39 9 27 25 0
14.625 38 9 28 25 0
14.75 38 8 29 25 0
14.875 37 8 30 25 0
15 37 7 31 25 0
15.125 36 8 30 26 0
15.25 36 8 29 27 0
15.375 36 6 30 28 0
15.5 36 6 30 28 0
15.625 36 6 30 28 0
15.75 33 8 31 28 0
15.875 33 7 31 29 0
16 33 6 30 31 0
16.125 32 6 29 33 0
16.25 30 8 28 34 0
16.375 30 8 25 37 0
16.5 28 10 25 37 0
16.625 27 10 26 37 0
16.75 26 10 26 38 0
16.875 26 10 26 38 0
17 26 10 25 39 0
17.125 26 10 24 40 0
17.25 26 8 24 42 0
17.375 26 8 24 42 0
17.5 25 9 24 42 0
17.625 25 8 24 43 0
17.75 25 8 24 43 0
17.875 25 7 25 43 0
18 25 7 25 43 0
18.125 25 7 24 44 0
18.25 24 6 24 46 0
18.375 24 3 27 46 0
18.5 24 3 26 46 1
18.625 24 3 26 46 1
18.75 24 2 26 47 1
18.875 24 2 25 48 1
19 24 2 25 48 1
19.125 24 2 23 50 1
19.25 24 2 23 50 1
19.375 24 2 23 50 1
19.5 23 2 24 50 1
19.625 22 3 24 50 1
19.75 22 2 25 50 1
19.875 22 2 24 51 1
20 22 2 24 51 1
20.125 22 2 23 52 1
20.25 22 2 23 52 1
20.375 22 2 23 52 1
20.5 21 3 23 52 1
20.625 21 3 23 52 1
20.75 21 3 22 53 1
20.875 21 3 22 53 1
21 21 3 21 54 1
21.125 21 3 19 56 1
21.25 21 3 19 56 1
21.375 21 3 19 56 1
21.5 21 3 19 56 1
21.625 20 4 19 56 1
21.75 20 4 19 56 1
21.875 20 3 20 56 1
22 20 3 19 57 1
22.125 20 3 19 57 1
22.25 20 3 18 57 2
22.375 20 3 18 57 2
22.5 20 3 17 58 2
22.625 20 3 17 58 2
22.75 20 3 16 59 2
22.875 20 3 15 60 2
23 20 2 16 60 2
23.125 18 4 14 62 2
23.25 18 4 14 62 2
23.375 18 4 14 62 2
23.5 18 4 14 62 2
23.625 18 4 13 63 2
23.75 18 3 14 63 2
23.875 18 3 14 63 2
24 18 3 14 63 2
24.125 18 3 13 64 2
24.25 18 3 13 64 2
24.375 18 3 13 64 2
24.5 18 2 14 64 2
24.625 18 2 14 64 2
24.75 18 1 15 64 2
24.875 18 1 13 66 2
25 18 1 12 67 2
25.125 18 1 12 67 2
25.25 18 1 12 67 2
25.375 18 1 12 67 2
25.5 18 1 12 67 2
25.625 18 1 11 68 2
25.75 18 1 11 68 2
25.875 18 1 10 69 2
26 18 1 10 69 2
26.125 18 1 10 69 2
26.25 18 1 10 69 2
26.375 18 1 10 69 2
26.5 18 1 10 69 2
26.625 18 1 10 69 2
26.75 18 1 10 69 2
26.875 18 1 10 69 2
27 18 1 10 69 2
27.125 18 1 10 69 2
27.25 18 1 10 69 2
27.375 18 0 11 69 2
27.5 18 0 11 69 2
27.625 18 0 10 70 2
27.75 18 0 10 70 2
27.875 18 0 9 71 2
28 18 0 9 71 2
28.125 18 0 9 71 2
28.25 18 0 9 71 2
28.375 18 0 9 71 2
28.5 18 0 9 71 2
28.625 18 0 9 71 2
28.75 18 0 8 72 2
28.875 18 0 7 73 2
29 18 0 7 73 2
29.125 18 0 6 74 2
29.25 18 0 6 74 2
29.375 18 0 4 76 2
29.5 18 0 4 76 2
29.625 18 0 4 76 2
29.75 18 0 4 76 2
29.875 18 0 4 76 2
30 18 0 4 76 2
30.125 18 0 4 76 2
30.25 18 0 4 76 2
30.375 18 0 4 76 2
30.5 18 0 4 76 2
30.625 18 0 4 76 2
30.75 18 0 3 77 2
30.875 18 0 2 78 2
31 17 1 2 78 2
31.125 17 1 2 78 2
31.25 17 1 2 78 2
31.375 17 1 2 78 2
31.5 17 1 2 78 2
31.625 17 1 2 78 2
31.75 17 1 2 78 2
31.875 17 1 2 78 2
32 17 1 2 78 2
32.125 17 1 2 78 2
32.25 17 1 2 78 2
32.375 17 1 2 78 2
32.5 17 1 2 78 2
32.625 17 1 2 78 2
32.75 17 1 2 78 2
32.875 17 1 2 78 2
33 17 1 2 78 2
33.125 17 1 2 78 2
33.25 17 1 2 78 2
33.375 17 1 2 78 2
33.5 17 1 2 78 2
33.625 17 1 2 78 2
33.75 17 1 1 79 2
33.875 17 1 1 79 2
34 17 1 1 79 2
34.125 17 1 1 79 2
34.25 17 1 1 79 2
34.375 17 1 1 79 2
34.5 17 0 2 79 2
34.625 17 0 2 79 2
34.75 17 0 2 79 2
34.875 17 0 2 79 2
35 17 0 2 79 2
35.125 17 0 2 79 2
35.25 17 0 2 79 2
35.375 17 0 2 79 2
35.5 17 0 2 79 2
35.625 17 0 2 79 2
35.75 17 0 2 79 2
35.875 17 0 2 79 2
36 17 0 2 79 2
36.125 17 0 2 79 2
36.25 17 0 2 79 2
36.375 17 0 2 79 2
36.5 17 0 2 79 2
36.625 17 0 2 79 2
36.75 17 0 1 80 2
36.875 17 0 1 80 2
37 17 0 1 80 2
37.125 17 0 1 80 2
37.25 17 0 1 80 2
37.375 17 0 1 80 2
37.5 17 0 1 80 2
37.625 17 0 1 80 2
37.75 17 0 1 80 2
37.875 17 0 1 80 2
38 17 0 1 80 2
38.125 17 0 1 80 2
38.25 17 0 1 80 2
38.375 17 0 1 80 2
38.5 17 0 1 80 2
38.625 17 0 1 80 2
38.75 17 0 1 80 2
38.875 17 0 1 80 2
39 17 0 1 80 2
39.125 17 0 1 80 2
39.25 17 0 1 80 2
39.375 17 0 1 80 2
39.5 17 0 1 80 2
39.625 17 0 1 80 2
39.75 17 0 1 80 2
39.875 17 0 1 80 2
40 17 0 1 80 2
40.125 17 0 1 80 2
40.25 17 0 1 80 2
40.375 17 0 1 80 2
40.5 17 0 1 80 2
40.625 17 0 0 81 2
