t S E I R D
0 98 0 2 0 0
0.125 97 1 2 0 0
0.25 96 2 2 0 0
0.375 96 2 2 0 0
0.5 96 2 2 0 0
0.625 96 2 1 1 0
0.75 96 2 1 1 0
0.875 96 2 1 1 0
1 96 2 1 1 0
1.125 96 2 1 1 0
1.25 96 2 1 1 0
1.375 96 2 1 1 0
1.5 96 2 1 1 0
1.625 96 2 1 1 0
1.75 96 2 1 1 0
1.875 96 2 1 1 0
2 96 1 2 1 0
2.125 96 1 2 1 0
2.25 96 1 2 1 0
2.375 95 2 2 1 0
2.5 95 2 2 1 0
2.625 95 1 3 1 0
2.75 95 1 3 1 0
2.875 94 2 3 1 0
3 94 2 3 1 0
3.125 94 2 3 1 0
3.25 94 2 3 1 0
3.375 94 2 3 1 0
3.5 94 2 3 1 0
3.625 94 2 3 1 0
3.75 94 2 3 1 0
3.875 94 2 2 2 0
4 94 2 2 2 0
4.125 94 2 2 2 0
4.25 94 2 2 2 0
4.375 94 1 3 2 0
4.5 94 1 3 2 0
4.625 94 1 2 3 0
4.75 94 1 2 3 0
4.875 94 1 2 3 0
5 94 1 2 3 0
5.125 94 0 3 3 0
5.25 94 0 3 3 0
5.375 94 0 3 3 0
5.5 94 0 3 3 0
5.625 94 0 3 3 0
5.75 94 0 3 3 0
5.875 93 1 3 3 0
6 93 1 3 3 0
6.125 92 2 3 3 0
6.25 92 2 3 3 0
6.375 92 2 3 3 0
6.5 92 2 3 3 0
6.625 92 2 3 3 0
6.75 92 2 3 3 0
6.875 91 3 3 3 0
7 91 3 3 3 0
7.125 90 4 3 3 0
7.25 88 6 3 3 0
7.375 87 6 4 3 0
7.5 87 6 4 3 0
7.625 87 6 3 4 0
7.75 87 6 3 4 0
7.875 87 6 3 4 0
8 87 5 4 4 0
8.125 87 5 4 4 0
8.25 87 4 5 4 0
8.375 86 5 4 5 0
8.5 86 5 3 6 0
8.625 86 3 5 6 0
8.75 86 2 6 6 0
8.875 85 3 6 6 0
9 85 2 7 6 0
9.125 85 1 8 6 0
9.25 85 1 8 6 0
9.375 85 1 8 6 0
9.5 84 2 8 6 0
9.625 84 2 8 6 0
9.75 83 3 8 6 0
9.875 81 5 8 6 0
10 80 6 7 7 0
10.125 78 8 7 7 0
10.25 77 9 7 7 0
10.375 77 9 7 7 0
10.5 77 9 7 7 0
10.625 76 10 6 8 0
10.75 75 9 8 8 0
10.875 73 11 8 8 0
11 73 9 10 8 0
11.125 73 9 10 8 0
11.25 72 10 10 8 0
11.375 72 9 10 9 0
11.5 71 9 11 9 0
11.625 71 8 12 9 0
11.75 71 8 12 9 0
11.875 69 10 12 9 0
12 69 9 13 9 0
12.125 68 10 12 10 0
12.25 68 10 11 11 0
12.375 68 10 11 11 0
12.5 68 10 11 11 0
12.625 67 11 11 11 0
12.75 66 12 11 11 0
12.875 65 13 10 12 0
13 65 12 11 12 0
13.125 64 12 10 14 0
13.25 63 13 10 14 0
13.375 62 13 11 14 0
13.5 62 12 11 15 0
13.625 62 10 13 15 0
13.75 61 11 13 15 0
13.875 58 13 14 15 0
14 58 12 15 15 0
14.125 57 11 17 15 0
14.25 57 11 16 16 0
14.375 56 10 18 16 0
14.5 55 11 18 16 0
14.625 55 9 19 17 0
14.75 55 8 20 17 0
14.875 53 8 22 17 0
15 52 8 22 18 0
15.125 52 7 22 19 0
15.25 52 7 22 19 0
15.375 52 7 22 19 0
15.5 52 7 22 19 0
15.625 51 8 22 19 0
15.75 51 7 23 19 0
15.875 51 6 23 20 0
16 51 6 23 20 0
16.125 50 6 24 20 0
16.25 50 5 25 20 0
16.375 48 5 27 20 0
16.5 47 5 28 20 0
16.625 47 5 28 20 0
16.75 46 6 27 21 0
16.875 45 6 28 21 0
17 43 8 27 22 0
17.125 43 6 29 22 0
17.25 41 7 30 22 0
17.375 41 7 29 23 0
17.5 41 6 29 24 0
17.625 40 6 29 25 0
17.75 39 7 29 25 0
17.875 39 7 28 26 0
18 39 7 26 28 0
18.125 38 8 25 29 0
18.25 38 8 24 30 0
18.375 38 7 25 30 0
18.5 36 9 24 31 0
18.625 36 8 24 32 0
18.75 36 8 23 33 0
18.875 35 9 23 33 0
19 35 9 22 34 0
19.125 35 8 23 34 0
19.25 32 11 21 36 0
19.375 32 11 19 38 0
19.5 32 11 19 38 0
19.625 32 11 18 39 0
19.75 32 9 20 39 0
19.875 32 9 20 39 0
20 32 9 18 41 0
20.125 32 9 16 43 0
20.25 32 9 16 43 0
20.375 32 8 17 43 0
20.5 32 7 16 45 0
20.625 32 6 17 45 0
20.75 32 6 17 45 0
20.875 32 5 18 45 0
21 32 5 18 45 0
21.125 32 4 19 45 0
21.25 32 4 19 45 0
21.375 32 4 19 45 0
21.5 32 4 19 45 0
21.625 32 4 19 45 0
21.75 31 5 19 45 0
21.875 31 4 20 45 0
22 31 3 21 45 0
22.125 31 3 21 45 0
22.25 31 3 21 45 0
22.375 31 3 21 45 0
22.5 30 3 22 45 0
22.625 30 2 23 45 0
22.75 30 2 23 45 0
22.875 30 2 22 46 0
23 30 2 22 46 0
23.125 30 2 22 46 0
23.25 29 2 23 46 0
23.375 28 3 22 47 0
23.5 28 3 22 47 0
23.625 28 3 21 48 0
23.75 28 3 20 49 0
23.875 28 3 20 49 0
24 28 3 20 49 0
24.125 28 3 20 49 0
24.25 28 3 20 49 0
24.375 28 3 19 50 0
24.5 28 3 19 50 0
24.625 28 3 19 50 0
24.75 28 3 18 51 0
24.875 28 3 18 51 0
25 28 3 17 52 0
25.125 28 3 17 52 0
25.25 27 4 17 52 0
25.375 27 4 17 52 0
25.5 27 4 16 53 0
25.625 26 5 16 53 0
25.75 26 5 16 53 0
25.875 26 5 16 53 0
26 26 5 16 53 0
26.125 26 5 16 53 0
26.25 26 5 15 54 0
26.375 26 5 15 54 0
26.5 26 4 16 54 0
26.625 25 5 16 54 0
26.75 24 6 15 55 0
26.875 24 6 15 55 0
27 24 6 15 55 0
27.125 24 6 15 55 0
27.25 24 6 15 55 0
27.375 24 5 16 55 0
27.5 24 5 16 55 0
27.625 24 4 17 55 0
27.75 24 3 18 55 0
27.875 24 2 19 55 0
28 24 2 19 55 0
28.125 22 4 18 56 0
28.25 22 4 18 56 0
28.375 22 4 17 57 0
28.5 22 4 17 57 0
28.625 22 4 16 58 0
28.75 22 4 16 58 0
28.875 22 4 14 60 0
29 22 3 14 61 0
29.125 22 3 14 61 0
29.25 22 3 14 61 0
29.375 22 3 14 61 0
29.5 21 4 14 61 0
29.625 21 3 14 62 0
29.75 21 3 14 62 0
29.875 21 3 14 62 0
30 21 3 14 62 0
30.125 20 4 14 62 0
30.25 20 4 14 62 0
30.375 20 4 13 63 0
30.5 20 4 12 64 0
30.625 19 5 12 64 0
30.75 19 5 11 65 0
30.875 19 5 11 65 0
31 18 6 11 65 0
31.125 18 6 11 65 0
31.25 18 5 12 65 0
31.375 18 5 12 65 0
31.5 18 4 13 65 0
31.625 18 4 13 65 0
31.75 18 4 13 65 0
31.875 18 4 12 66 0
32 18 4 12 66 0
32.125 18 4 12 66 0
32.25 18 4 12 66 0
32.375 18 4 12 66 0
32.5 18 4 11 67 0
32.625 18 4 11 67 0
32.75 18 3 12 67 0
32.875 18 3 12 67 0
33 18 3 12 67 0
33.125 18 3 12 67 0
33.25 18 3 12 67 0
33.375 18 3 12 67 0
33.5 17 4 12 67 0
33.625 17 4 12 67 0
33.75 17 4 12 67 0
33.875 17 4 11 68 0
34 17 4 11 68 0
34.125 17 4 11 68 0
34.25 17 4 11 68 0
34.375 17 4 11 68 0
34.5 17 4 11 68 0
34.625 17 4 11 68 0
34.75 17 4 11 68 0
34.875 17 4 11 68 0
35 17 4 11 68 0
35.125 17 4 11 68 0
35.25 17 3 11 69 0
35.375 17 3 11 69 0
35.5 17 3 11 69 0
35.625 17 3 11 69 0
35.75 16 4 11 69 0
35.875 16 4 11 69 0
36 16 3 12 69 0
36.125 16 3 12 69 0
36.25 16 3 12 69 0
36.375 16 3 12 69 0
36.5 16 3 11 70 0
36.625 16 2 12 70 0
36.75 16 2 12 70 0
36.875 16 2 12 70 0
37 16 2 12 70 0
37.125 16 1 12 71 0
37.25 16 1 12 71 0
37.375 16 1 12 71 0
37.5 16 1 11 72 0
37.625 16 1 10 73 0
37.75 16 1 9 74 0
37.875 16 1 9 74 0
38 16 0 10 74 0
38.125 16 0 10 74 0
38.25 16 0 10 74 0
38.375 16 0 10 74 0
38.5 16 0 10 74 0
38.625 16 0 10 74 0
38.75 16 0 10 74 0
38.875 16 0 9 75 0
39 16 0 9 75 0
39.125 16 0 9 75 0
39.25 16 0 9 75 0
39.375 16 0 9 75 0
39.5 16 0 8 76 0
39.625 16 0 8 76 0
39.75 16 0 8 76 0
39.875 16 0 8 76 0
40 16 0 8 76 0
40.125 16 0 8 76 0
40.25 16 0 8 76 0
40.375 16 0 8 76 0
40.5 16 0 8 76 0
40.625 16 0 8 76 0
40.75 16 0 8 76 0
40.875 16 0 8 76 0
41 16 0 8 76 0
41.125 16 0 6 78 0
41.25 16 0 5 79 0
41.375 16 0 4 80 0
41.5 16 0 4 80 0
41.625 16 0 4 80 0
41.75 16 0 4 80 0
41.875 16 0 4 80 0
42 16 0 3 81 0
42.125 16 0 3 81 0
42.25 16 0 3 81 0
42.375 16 0 3 81 0
42.5 16 0 3 81 0
42.625 16 0 2 82 0
42.75 16 0 2 82 0
42.875 16 0 2 82 0
43 16 0 2 82 0
43.125 16 0 2 82 0
43.25 16 0 2 82 0
43.375 16 0 2 82 0
43.5 16 0 2 82 0
43.625 16 0 2 82 0
43.75 16 0 2 82 0
43.875 16 0 2 82 0
44 16 0 2 82 0
44.125 16 0 2 82 0
44.25 16 0 2 82 0
44.375 16 0 2 82 0
44.5 16 0 2 82 0
44.625 16 0 2 82 0
44.75 16 0 2 82 0
44.875 16 0 2 82 0
45 16 0 2 82 0
45.125 16 0 2 82 0
45.25 16 0 2 82 0
45.375 16 0 2 82 0
45.5 16 0 2 82 0
45.625 15 1 1 83 0
45.75 15 1 1 83 0
45.875 15 1 1 83 0
46 15 1 1 83 0
46.125 15 1 1 83 0
46.25 15 1 1 83 0
46.375 15 1 1 83 0
46.5 15 1 1 83 0
46.625 15 1 1 83 0
46.75 15 1 1 83 0
46.875 15 1 1 83 0
47 15 1 1 83 0
47.125 15 1 1 83 0
47.25 15 1 1 83 0
47.375 15 1 1 83 0
47.5 15 1 1 83 0
47.625 15 1 1 83 0
47.75 15 1 1 83 0
47.875 15 1 1 83 0
48 15 1 1 83 0
48.125 15 1 1 83 0
48.25 15 1 1 83 0
48.375 15 1 1 83 0
48.5 15 1 1 83 0
48.625 15 0 2 83 0
48.75 14 1 2 83 0
48.875 14 1 2 83 0
49 14 1 2 83 0
49.125 14 1 2 83 0
49.25 14 1 2 83 0
49.375 14 1 2 83 0
49.5 14 1 2 83 0
49.625 14 1 2 83 0
49.75 14 1 2 83 0
49.875 14 1 2 83 0
50 14 1 2 83 0
50.125 14 0 3 83 0
50.25 14 0 3 83 0
50.375 14 0 3 83 0
50.5 14 0 3 83 0
50.625 14 0 3 83 0
50.75 14 0 3 83 0
50.875 14 0 2 84 0
51 14 0 2 84 0
51.125 14 0 2 84 0
51.25 14 0 2 84 0
51.375 14 0 2 84 0
51.5 14 0 2 84 0
51.625 14 0 2 84 0
51.75 14 0 2 84 0
51.875 14 0 2 84 0
52 14 0 2 84 0
52.125 14 0 2 84 0
52.25 14 0 2 84 0
52.375 14 0 2 84 0
52.5 14 0 2 84 0
52.625 14 0 2 84 0
52.75 14 0 2 84 0
52.875 14 0 2 84 0
53 14 0 2 84 0
53.125 14 0 2 84 0
53.25 14 0 2 84 0
53.375 14 0 2 84 0
53.5 14 0 2 84 0
53.625 14 0 2 84 0
53.75 14 0 2 84 0
53.875 14 0 2 84 0
54 13 1 2 84 0
54.125 13 1 2 84 0
54.25 13 1 2 84 0
54.375 13 1 2 84 0
54.5 13 0 3 84 0
54.625 13 0 3 84 0
54.75 13 0 3 84 0
54.875 13 0 3 84 0
55 13 0 3 84 0
55.125 13 0 3 84 0
55.25 13 0 3 84 0
55.375 13 0 3 84 0
55.5 13 0 3 84 0
55.625 13 0 3 84 0
55.75 13 0 3 84 0
55.875 13 0 3 84 0
56 13 0 3 84 0
56.125 13 0 3 84 0
56.25 13 0 3 84 0
56.375 13 0 3 84 0
56.5 13 0 3 84 0
56.625 13 0 3 84 0
56.75 13 0 3 84 0
56.875 13 0 3 84 0
57 13 0 3 84 0
57.125 13 0 3 84 0
57.25 13 0 3 84 0
57.375 13 0 3 84 0
57.5 13 0 3 84 0
57.625 13 0 3 84 0
57.75 13 0 3 84 0
57.875 13 0 3 84 0
58 13 0 3 84 0
58.125 13 0 3 84 0
58.25 13 0 3 84 0
58.375 13 0 3 84 0
58.5 13 0 3 84 0
58.625 13 0 2 85 0
58.75 13 0 1 86 0
58.875 13 0 1 86 0
59 13 0 1 86 0
59.125 13 0 1 86 0
59.25 13 0 1 86 0
59.375 13 0 1 86 0
59.5 13 0 1 86 0
59.625 13 0 1 86 0
59.75 13 0 1 86 0
59.875 13 0 1 86 0
60 13 0 1 86 0
60.125 13 0 1 86 0
60.25 13 0 1 86 0
60.375 13 0 1 86 0
60.5 13 0 1 86 0
60.625 13 0 1 86 0
60.75 13 0 1 86 0
60.875 13 0 0 87 0
